1) 853072 #UTIL: 21944100
2) 854707 #UTIL: 16773327
3) 840762 #UTIL: 16653690
4) 701787 #UTIL: 14209254
5) 853094 #UTIL: 13904160
6) 650508 #UTIL: 13751150
7) 859139 #UTIL: 12073026
8) 859242 #UTIL: 10638327
9) 821305 #UTIL: 10518998
10) 510445 #UTIL: 10264936
11) 853420 #UTIL: 10150654
12) 853096 #UTIL: 9941265
13) 833800 #UTIL: 9935449
14) 853102 #UTIL: 9619280
15) 851279 #UTIL: 9071464
16) 680371 #UTIL: 8738714
17) 853122 #UTIL: 8600701
18) 601197 #UTIL: 8377389
19) 857830 #UTIL: 8248707
20) 857204 #UTIL: 8167982
21) 696434 #UTIL: 7984305
22) 821277 #UTIL: 7983530
23) 853077 #UTIL: 7701728
24) 853321 #UTIL: 7576092
25) 578011 #UTIL: 7562940
26) 826987 #UTIL: 7560040
27) 714880 #UTIL: 6889918
28) 821315 #UTIL: 6887783
29) 839313 #UTIL: 6838578
30) 712235 #UTIL: 6693454
31) 844158 #UTIL: 6692138
32) 829747 #UTIL: 6626802
33) 835000 #UTIL: 6563485
34) 853657 #UTIL: 6506038
35) 537967 #UTIL: 6494070
36) 717003 #UTIL: 6356167
37) 853090 #UTIL: 6181488
38) 587898 #UTIL: 6166090
39) 859240 #UTIL: 6110849
40) 684513 #UTIL: 5938532
41) 852980 853077 #UTIL: 5771224
42) 853754 #UTIL: 5750810
43) 700002 #UTIL: 5644264
44) 853096 853105 #UTIL: 5589034
45) 850949 #UTIL: 5572075
46) 700000 #UTIL: 5428224
47) 832730 #UTIL: 5385626
48) 853325 #UTIL: 5355528
49) 821309 #UTIL: 5140933
50) 853214 #UTIL: 5073552