1) 853072 #UTIL: 21944100
2) 854707 #UTIL: 16773327
3) 840762 #UTIL: 16653690
4) 701787 #UTIL: 14209254
5) 853094 #UTIL: 13904160
6) 650508 #UTIL: 13751150
7) 859139 #UTIL: 12073026
8) 859242 #UTIL: 10638327
9) 821305 #UTIL: 10518998
10) 510445 #UTIL: 10264936
11) 853420 #UTIL: 10150654
12) 853096 #UTIL: 9941265
13) 833800 #UTIL: 9935449
14) 853102 #UTIL: 9619280
15) 851279 #UTIL: 9071464
16) 680371 #UTIL: 8738714
17) 853122 #UTIL: 8600701
18) 601197 #UTIL: 8377389
19) 857830 #UTIL: 8248707
20) 857204 #UTIL: 8167982
21) 696434 #UTIL: 7984305
22) 821277 #UTIL: 7983530
23) 853077 #UTIL: 7701728
24) 853321 #UTIL: 7576092
25) 578011 #UTIL: 7562940
26) 826987 #UTIL: 7560040
27) 714880 #UTIL: 6889918
28) 821315 #UTIL: 6887783
29) 839313 #UTIL: 6838578
30) 712235 #UTIL: 6693454
31) 844158 #UTIL: 6692138
32) 829747 #UTIL: 6626802
33) 835000 #UTIL: 6563485
34) 853657 #UTIL: 6506038
35) 537967 #UTIL: 6494070
36) 717003 #UTIL: 6356167
37) 853090 #UTIL: 6181488
38) 587898 #UTIL: 6166090
39) 859240 #UTIL: 6110849
40) 684513 #UTIL: 5938532
41) 852980 853077 #UTIL: 5771224
42) 853754 #UTIL: 5750810
43) 700002 #UTIL: 5644264
44) 853096 853105 #UTIL: 5589034
45) 850949 #UTIL: 5572075
46) 700000 #UTIL: 5428224
47) 832730 #UTIL: 5385626
48) 853325 #UTIL: 5355528
49) 821309 #UTIL: 5140933
50) 853214 #UTIL: 5073552
51) 849327 #UTIL: 5071974
52) 508942 #UTIL: 4965006
53) 853102 854785 #UTIL: 4866092
54) 821302 #UTIL: 4854440
55) 840378 #UTIL: 4848329
56) 696824 #UTIL: 4836029
57) 852978 #UTIL: 4817897
58) 850947 853420 #UTIL: 4771266
59) 833802 #UTIL: 4735528
60) 853094 853096 #UTIL: 4720923
61) 853100 #UTIL: 4720680
62) 828989 #UTIL: 4667196
63) 821341 #UTIL: 4614750
64) 704182 #UTIL: 4510554
65) 853085 853096 #UTIL: 4505891
66) 601040 #UTIL: 4484912
67) 829042 #UTIL: 4455691
68) 840760 #UTIL: 4432750
69) 820261 #UTIL: 4356598
70) 716932 #UTIL: 4260367
71) 584939 #UTIL: 4225407
72) 716982 #UTIL: 4134812
73) 539845 #UTIL: 4119850
74) 716930 #UTIL: 4091503
75) 638474 #UTIL: 4031706
76) 853342 #UTIL: 3965241
77) 851326 853090 #UTIL: 3860608
78) 712237 #UTIL: 3816941
79) 704180 #UTIL: 3809614
80) 835117 #UTIL: 3750403
81) 853072 -1 853072 #UTIL: 3729117
82) 853094 853105 #UTIL: 3714044
83) 821290 #UTIL: 3592178
84) 509013 #UTIL: 3566355
85) 601040 601042 #UTIL: 3564835
86) 582387 #UTIL: 3463034
87) 853085 853096 853105 #UTIL: 3460819
88) 821313 #UTIL: 3440448
89) 851326 853094 #UTIL: 3427220
90) 821305 821309 #UTIL: 3418125
91) 743515 #UTIL: 3383933
92) 835713 #UTIL: 3361072
93) 716928 #UTIL: 3294905
94) 844439 #UTIL: 3291984
95) 838503 #UTIL: 3280375
96) 582942 #UTIL: 3260377
97) 828970 #UTIL: 3254988
98) 844394 #UTIL: 3247974
99) 851032 #UTIL: 3204194
100) 744530 #UTIL: 3149816
101) 853420 853422 #UTIL: 3147418
102) 853094 853248 #UTIL: 3145653
103) 853767 #UTIL: 3115004
104) 854774 #UTIL: 3103308
105) 716984 #UTIL: 3070781
106) 859139 -1 859139 #UTIL: 3065643
107) 849132 #UTIL: 3049545
108) 850947 #UTIL: 3043795
109) 853094 853096 853105 #UTIL: 3026585
110) 853085 853094 #UTIL: 2997891
111) 821302 821305 #UTIL: 2997058
112) 853173 #UTIL: 2994467
113) 853321 853325 #UTIL: 2987503
114) 638480 #UTIL: 2985661
115) 829004 #UTIL: 2977668
116) 854785 #UTIL: 2949228
117) 859240 859242 #UTIL: 2945037
118) 601407 #UTIL: 2923760
119) 840762 -1 840762 #UTIL: 2921700
120) 853085 853094 853096 #UTIL: 2884219
121) 535621 #UTIL: 2832135
122) 853145 #UTIL: 2803932
123) 854707 -1 854707 #UTIL: 2792937
124) 586805 #UTIL: 2739139
125) 845420 #UTIL: 2730225
126) 854352 #UTIL: 2710480
127) 853143 #UTIL: 2697931
128) 853102 864880 #UTIL: 2684000
129) 853105 #UTIL: 2655794
130) 852978 853094 #UTIL: 2624638
131) 846378 #UTIL: 2621549
132) 829327 #UTIL: 2619594
133) 853282 #UTIL: 2618521
134) 594680 #UTIL: 2609154
135) 701787 -1 701787 #UTIL: 2593818
136) 613743 #UTIL: 2591600
137) 850945 853420 #UTIL: 2583569
138) 853730 #UTIL: 2565256
139) 844250 #UTIL: 2561965
140) 680369 #UTIL: 2532693
141) 853090 853094 #UTIL: 2516988
142) 839611 #UTIL: 2508876
143) 716935 #UTIL: 2473572
144) 829085 #UTIL: 2458356
145) 854853 #UTIL: 2452996
146) 587915 #UTIL: 2448348
147) 821285 #UTIL: 2446832
148) 851326 #UTIL: 2438226
149) 594678 #UTIL: 2422385
150) 826803 #UTIL: 2413534
151) 717262 #UTIL: 2412658
152) 850942 853420 #UTIL: 2397421
153) 587935 #UTIL: 2367819
154) 820233 820261 #UTIL: 2364831
155) 567072 #UTIL: 2337889
156) 853102 854840 #UTIL: 2321137
157) 828882 #UTIL: 2303620
158) 861498 #UTIL: 2297328
159) 851155 #UTIL: 2293455
160) 854230 #UTIL: 2261520
161) 515883 #UTIL: 2259620
162) 835120 #UTIL: 2252976
163) 744258 #UTIL: 2240794
164) 853085 853094 853096 853105 #UTIL: 2237284
165) 829861 #UTIL: 2236796
166) 819490 #UTIL: 2230110
167) 853338 #UTIL: 2219442
168) 853102 854782 #UTIL: 2202932
169) 849807 #UTIL: 2179506
170) 510044 #UTIL: 2174949
171) 696434 -1 696434 #UTIL: 2160459
172) 853323 #UTIL: 2149294
173) 829325 #UTIL: 2142162
174) 854358 #UTIL: 2132480
175) 853707 #UTIL: 2114364
176) 551626 #UTIL: 2108873
177) 853072 854707 #UTIL: 2106405
178) 826705 #UTIL: 2100108
179) 853128 #UTIL: 2096088
180) 834880 #UTIL: 2095976
181) 832670 #UTIL: 2086668
182) 826610 834880 #UTIL: 2084736
183) 853454 #UTIL: 2082888
184) 864880 #UTIL: 2079448
185) 829312 #UTIL: 2051484
186) 828995 829747 #UTIL: 2030959
187) 829006 #UTIL: 2029653
188) 834877 #UTIL: 2028056
189) 853094 -1 853094 #UTIL: 2018616
190) 600502 #UTIL: 2007775
191) 644317 #UTIL: 2004625
192) 844394 844439 #UTIL: 1999133
193) 601042 #UTIL: 1988238
194) 859242 -1 859242 #UTIL: 1984950
195) 857830 859139 #UTIL: 1982460
196) 706460 #UTIL: 1971279
197) 696432 #UTIL: 1969740
198) 829310 #UTIL: 1968360
199) 686086 #UTIL: 1954366
200) 650508 -1 650508 #UTIL: 1945062
201) 834877 834880 #UTIL: 1944192
202) 854300 #UTIL: 1939800
203) 851326 853090 853094 #UTIL: 1935694
204) 701787 857830 #UTIL: 1935061
205) 852978 853077 #UTIL: 1921463
206) 553702 #UTIL: 1911990
207) 550398 #UTIL: 1895960
208) 705991 #UTIL: 1895314
209) 821332 #UTIL: 1894023
210) 601197 -1 601197 #UTIL: 1879700
211) 821277 821285 #UTIL: 1870470
212) 850947 850949 #UTIL: 1824810
213) 851326 853096 #UTIL: 1820444
214) 826610 #UTIL: 1819900
215) 851152 #UTIL: 1813533
216) 850949 853338 #UTIL: 1804881
217) 821285 826803 #UTIL: 1791691
218) 853177 #UTIL: 1790376
219) 850942 #UTIL: 1774646
220) 826610 834877 #UTIL: 1774472
221) 586810 #UTIL: 1774065
222) 550259 #UTIL: 1773100
223) 854313 #UTIL: 1769092
224) 850945 #UTIL: 1766464
225) 574777 #UTIL: 1761643
226) 533022 #UTIL: 1731691
227) 746386 #UTIL: 1724540
228) 853342 853420 #UTIL: 1723917
229) 826987 853321 #UTIL: 1721476
230) 509084 #UTIL: 1708861
231) 841640 #UTIL: 1707424
232) 716971 #UTIL: 1700641
233) 853085 853094 853105 #UTIL: 1695250
234) 853317 #UTIL: 1691025
235) 844158 -1 844158 #UTIL: 1688506
236) 827020 #UTIL: 1684991
237) 836819 #UTIL: 1673512
238) 850932 #UTIL: 1673271
239) 833800 -1 833800 #UTIL: 1665038
240) 821302 821309 #UTIL: 1655031
241) 850949 853422 #UTIL: 1653830
242) 717005 #UTIL: 1641003
243) 835004 #UTIL: 1635084
244) 829327 829330 #UTIL: 1627632
245) 853100 854785 #UTIL: 1616922
246) 821277 -1 821277 #UTIL: 1605599
247) 853090 853096 #UTIL: 1598769
248) 853698 #UTIL: 1597927
249) 563182 #UTIL: 1593221
250) 853762 #UTIL: 1591229
251) 857551 #UTIL: 1586505
252) 853096 -1 853096 #UTIL: 1580970
253) 832604 #UTIL: 1577555
254) 827011 #UTIL: 1576782
255) 600989 #UTIL: 1564218
256) 821305 -1 821305 #UTIL: 1556448
257) 821277 821290 #UTIL: 1549126
258) 826610 834877 834880 #UTIL: 1543788
259) 854782 #UTIL: 1537594
260) 857204 -1 857204 #UTIL: 1536566
261) 717007 #UTIL: 1533191
262) 587028 #UTIL: 1531612
263) 853340 853342 #UTIL: 1530611
264) 510445 -1 510445 #UTIL: 1527752
265) 716926 #UTIL: 1514712
266) 857830 859242 #UTIL: 1514084
267) 580293 714880 #UTIL: 1506470
268) 852978 852980 853077 #UTIL: 1505178
269) 829861 829865 #UTIL: 1487629
270) 839373 #UTIL: 1486275
271) 853122 -1 853122 #UTIL: 1478092
272) 853085 853090 #UTIL: 1475658
273) 596435 #UTIL: 1468383
274) 578011 -1 578011 #UTIL: 1459788
275) 840597 #UTIL: 1458730
276) 851279 -1 851279 #UTIL: 1454768
277) 551583 #UTIL: 1453928
278) 834873 #UTIL: 1451106
279) 835004 857204 #UTIL: 1445500
280) 820231 #UTIL: 1442375
281) 851150 #UTIL: 1440662
282) 821377 #UTIL: 1438578
283) 826955 #UTIL: 1434643
284) 829822 #UTIL: 1433737
285) 854795 854853 #UTIL: 1432023
286) 826987 -1 826987 #UTIL: 1423494
287) 854264 854268 #UTIL: 1423034
288) 712107 #UTIL: 1419873
289) 829747 -1 829747 #UTIL: 1417052
290) 716973 #UTIL: 1416401
291) 853252 #UTIL: 1415544
292) 602605 #UTIL: 1415375
293) 853698 853767 #UTIL: 1415231
294) 854352 854536 #UTIL: 1413868
295) 581489 #UTIL: 1407000
296) 852980 #UTIL: 1406904
297) 602240 #UTIL: 1399363
298) 850947 853420 853422 #UTIL: 1395576
299) 835126 #UTIL: 1392111
300) 536440 #UTIL: 1381878
