1) 853072 #UTIL: 21944100
2) 854707 #UTIL: 16773327
3) 840762 #UTIL: 16653690
4) 701787 #UTIL: 14209254
5) 853094 #UTIL: 13904160
6) 650508 #UTIL: 13751150
7) 859139 #UTIL: 12073026
8) 859242 #UTIL: 10638327
9) 821305 #UTIL: 10518998
10) 510445 #UTIL: 10264936
11) 853420 #UTIL: 10150654
12) 853096 #UTIL: 9941265
13) 833800 #UTIL: 9935449
14) 853102 #UTIL: 9619280
15) 851279 #UTIL: 9071464
16) 680371 #UTIL: 8738714
17) 853122 #UTIL: 8600701
18) 601197 #UTIL: 8377389
19) 857830 #UTIL: 8248707
20) 857204 #UTIL: 8167982
21) 696434 #UTIL: 7984305
22) 821277 #UTIL: 7983530
23) 853077 #UTIL: 7701728
24) 853321 #UTIL: 7576092
25) 578011 #UTIL: 7562940
26) 826987 #UTIL: 7560040
27) 714880 #UTIL: 6889918
28) 821315 #UTIL: 6887783
29) 839313 #UTIL: 6838578
30) 712235 #UTIL: 6693454
31) 844158 #UTIL: 6692138
32) 829747 #UTIL: 6626802
33) 835000 #UTIL: 6563485
34) 853657 #UTIL: 6506038
35) 537967 #UTIL: 6494070
36) 717003 #UTIL: 6356167
37) 853090 #UTIL: 6181488
38) 587898 #UTIL: 6166090
39) 859240 #UTIL: 6110849
40) 684513 #UTIL: 5938532
41) 852980 853077 #UTIL: 5771224
42) 853754 #UTIL: 5750810
43) 700002 #UTIL: 5644264
44) 853096 853105 #UTIL: 5589034
45) 850949 #UTIL: 5572075
46) 700000 #UTIL: 5428224
47) 832730 #UTIL: 5385626
48) 853325 #UTIL: 5355528
49) 821309 #UTIL: 5140933
50) 853214 #UTIL: 5073552
51) 849327 #UTIL: 5071974
52) 508942 #UTIL: 4965006
53) 853102 854785 #UTIL: 4866092
54) 821302 #UTIL: 4854440
55) 840378 #UTIL: 4848329
56) 696824 #UTIL: 4836029
57) 852978 #UTIL: 4817897
58) 850947 853420 #UTIL: 4771266
59) 833802 #UTIL: 4735528
60) 853094 853096 #UTIL: 4720923
61) 853100 #UTIL: 4720680
62) 828989 #UTIL: 4667196
63) 821341 #UTIL: 4614750
64) 704182 #UTIL: 4510554
65) 853085 853096 #UTIL: 4505891
66) 601040 #UTIL: 4484912
67) 829042 #UTIL: 4455691
68) 840760 #UTIL: 4432750
69) 820261 #UTIL: 4356598
70) 716932 #UTIL: 4260367
71) 584939 #UTIL: 4225407
72) 716982 #UTIL: 4134812
73) 539845 #UTIL: 4119850
74) 716930 #UTIL: 4091503
75) 638474 #UTIL: 4031706
76) 853342 #UTIL: 3965241
77) 851326 853090 #UTIL: 3860608
78) 712237 #UTIL: 3816941
79) 704180 #UTIL: 3809614
80) 835117 #UTIL: 3750403
81) 853072 -1 853072 #UTIL: 3729117
82) 853094 853105 #UTIL: 3714044
83) 821290 #UTIL: 3592178
84) 509013 #UTIL: 3566355
85) 601040 601042 #UTIL: 3564835
86) 582387 #UTIL: 3463034
87) 853085 853096 853105 #UTIL: 3460819
88) 821313 #UTIL: 3440448
89) 851326 853094 #UTIL: 3427220
90) 821305 821309 #UTIL: 3418125
91) 743515 #UTIL: 3383933
92) 835713 #UTIL: 3361072
93) 716928 #UTIL: 3294905
94) 844439 #UTIL: 3291984
95) 838503 #UTIL: 3280375
96) 582942 #UTIL: 3260377
97) 828970 #UTIL: 3254988
98) 844394 #UTIL: 3247974
99) 851032 #UTIL: 3204194
100) 744530 #UTIL: 3149816
