1) 6 #UTIL: 165910
2) 11 -1 6 #UTIL: 107030
3) 6 -1 3 #UTIL: 88163
4) 11 -1 6 -1 3 #UTIL: 55030
5) 1 -1 6 #UTIL: 49440
6) 6 -1 7 #UTIL: 40180
7) 11 -1 1 -1 6 #UTIL: 36013
8) 55 #UTIL: 34720
9) 218 -1 6 #UTIL: 34710
10) 11 -1 6 -1 7 #UTIL: 32587
11) 6 -1 55 #UTIL: 32135
12) 218 -1 6 -1 148 #UTIL: 31528
13) 11 -1 218 -1 6 -1 148 #UTIL: 30847
14) 11 -1 218 -1 6 #UTIL: 30676
15) 27 -1 6 #UTIL: 28720
16) 27 -1 6 -1 7 #UTIL: 28045
17) 6 -1 77 #UTIL: 26405
18) 6 -1 148 #UTIL: 25486
19) 3 #UTIL: 25470
20) 1 -1 6 -1 3 #UTIL: 25283
21) 11 -1 6 -1 148 #UTIL: 24807
22) 11 -1 27 -1 6 -1 7 #UTIL: 24210
23) 11 -1 27 -1 6 #UTIL: 23695
24) 7 #UTIL: 23225
25) 11 -1 6 -1 77 #UTIL: 21795
26) 1 #UTIL: 21520
27) 6 -1 3 -1 7 #UTIL: 20679
28) 11 #UTIL: 20129
29) 27 -1 7 #UTIL: 19202
30) 11 -1 6 -1 55 #UTIL: 18868
31) 11 -1 7 #UTIL: 18223
32) 6 -1 64 #UTIL: 18177
33) 11 -1 1 -1 6 -1 3 #UTIL: 18173
34) 77 #UTIL: 17941
35) 11 -1 3 #UTIL: 17802
36) 1 -1 218 -1 6 #UTIL: 17676
37) 1 -1 218 -1 6 -1 148 #UTIL: 17648
38) 11 -1 1 -1 218 -1 6 -1 148 #UTIL: 17371
39) 218 -1 6 -1 3 #UTIL: 17253
40) 55 -1 3 #UTIL: 16879
41) 11 -1 6 -1 3 -1 7 #UTIL: 16875
42) 11 -1 1 -1 218 -1 6 #UTIL: 16622
43) 11 -1 218 -1 148 #UTIL: 16510
44) 6 -1 7 -1 87 #UTIL: 16465
45) 11 -1 27 -1 7 #UTIL: 16291
46) 218 -1 148 #UTIL: 15880
47) 27 -1 6 -1 7 -1 87 #UTIL: 15442
48) 11 -1 218 -1 6 -1 3 #UTIL: 15310
49) 218 -1 6 -1 3 -1 148 #UTIL: 15246
50) 11 -1 6 -1 64 #UTIL: 15201
51) 27 #UTIL: 15048
52) 4 -1 6 #UTIL: 15042
53) 11 -1 218 -1 6 -1 3 -1 148 #UTIL: 14977
54) 6 -1 55 -1 3 #UTIL: 14669
55) 218 #UTIL: 14664
56) 1 -1 6 -1 148 #UTIL: 14531
57) 11 -1 1 -1 6 -1 148 #UTIL: 14514
58) 11 -1 1 #UTIL: 14480
59) 6 -1 138 #UTIL: 14468
60) 1 -1 6 -1 7 #UTIL: 14449
61) 11 -1 6 -1 7 -1 87 #UTIL: 14157
62) 6 -1 135 #UTIL: 14107
63) 27 -1 6 -1 3 #UTIL: 13985
64) 1 -1 3 #UTIL: 13957
65) 11 -1 55 #UTIL: 13955
66) 11 -1 218 #UTIL: 13782
67) 11 -1 77 #UTIL: 13549
68) 27 -1 6 -1 3 -1 7 #UTIL: 13457
69) 11 -1 27 -1 6 -1 7 -1 87 #UTIL: 13400
70) 11 -1 6 -1 135 #UTIL: 13350
71) 6 -1 2 #UTIL: 13264
72) 3 -1 7 #UTIL: 13129
73) 6 -1 87 #UTIL: 13050
74) 6 -1 3 -1 148 #UTIL: 13026
75) 11 -1 1 -1 6 -1 7 #UTIL: 12725
76) 27 -1 7 -1 87 #UTIL: 12635
77) 6 -1 3 -1 77 #UTIL: 12616
78) 27 -1 6 -1 87 #UTIL: 12605
79) 11 -1 6 -1 3 -1 148 #UTIL: 12577
80) 7 -1 87 #UTIL: 12497
81) 11 -1 27 -1 6 -1 3 -1 7 #UTIL: 12206
82) 11 -1 27 #UTIL: 12066
83) 11 -1 6 -1 138 #UTIL: 11997
84) 11 -1 27 -1 6 -1 3 #UTIL: 11793
85) 1204 -1 1205 -1 1236 -1 1247 -1 1257 -1 1260 -1 1271 -1 1282 -1 1293 -1 1316 -1 1327 -1 1338 -1 1344 -1 1345 -1 1346 -1 1347 -1 1348 -1 1349 -1 1350 -1 1351 -1 1352 -1 1353 -1 1354 -1 1355 -1 1356 -1 1357 -1 1358 -1 1359 -1 1360 -1 1361 -1 1362 -1 1363 -1 1364 -1 1365 -1 1366 -1 1367 -1 1368 -1 1369 -1 1370 -1 1371 -1 1372 -1 1373 -1 1374 -1 1375 -1 1376 -1 1377 -1 1378 -1 1379 -1 1380 -1 1381 -1 1382 -1 1383 -1 1384 -1 1385 -1 1386 -1 1387 -1 1388 -1 1389 -1 1390 -1 1391 -1 1392 -1 1393 -1 1394 -1 1395 -1 1396 -1 1397 -1 1398 -1 1399 -1 1400 -1 1401 -1 1402 -1 1403 -1 1404 -1 1405 -1 1406 -1 1407 -1 1408 -1 1409 -1 1410 -1 1411 -1 1412 -1 1413 -1 1414 -1 1415 -1 1416 -1 1417 -1 1418 -1 1419 -1 1420 -1 1421 -1 1422 -1 1423 -1 1424 -1 1425 -1 1426 -1 1427 -1 11 -1 218 -1 6 -1 148 #UTIL: 11408
86) 1204 -1 1205 -1 1236 -1 1247 -1 1257 -1 1260 -1 1271 -1 1282 -1 1293 -1 1316 -1 1327 -1 1338 -1 1344 -1 1345 -1 1346 -1 1347 -1 1348 -1 1349 -1 1350 -1 1351 -1 1352 -1 1353 -1 1354 -1 1356 -1 1357 -1 1358 -1 1359 -1 1360 -1 1361 -1 1362 -1 1363 -1 1364 -1 1365 -1 1366 -1 1367 -1 1368 -1 1369 -1 1370 -1 1371 -1 1372 -1 1373 -1 1374 -1 1375 -1 1376 -1 1377 -1 1378 -1 1379 -1 1380 -1 1381 -1 1382 -1 1383 -1 1384 -1 1385 -1 1386 -1 1387 -1 1388 -1 1389 -1 1390 -1 1391 -1 1392 -1 1393 -1 1394 -1 1395 -1 1396 -1 1397 -1 1398 -1 1399 -1 1400 -1 1401 -1 1402 -1 1403 -1 1404 -1 1405 -1 1406 -1 1407 -1 1408 -1 1409 -1 1410 -1 1411 -1 1412 -1 1413 -1 1414 -1 1415 -1 1416 -1 1417 -1 1418 -1 1419 -1 1420 -1 1421 -1 1422 -1 1423 -1 1424 -1 1425 -1 1426 -1 1427 -1 11 -1 218 -1 6 -1 148 #UTIL: 11385
87) 1204 -1 1205 -1 1236 -1 1247 -1 1257 -1 1260 -1 1271 -1 1282 -1 1293 -1 1316 -1 1327 -1 1338 -1 1344 -1 1345 -1 1346 -1 1347 -1 1348 -1 1349 -1 1350 -1 1351 -1 1352 -1 1353 -1 1354 -1 1355 -1 1356 -1 1357 -1 1358 -1 1359 -1 1360 -1 1361 -1 1362 -1 1363 -1 1364 -1 1365 -1 1366 -1 1367 -1 1368 -1 1369 -1 1370 -1 1371 -1 1372 -1 1373 -1 1374 -1 1375 -1 1376 -1 1377 -1 1378 -1 1379 -1 1380 -1 1381 -1 1382 -1 1383 -1 1384 -1 1385 -1 1386 -1 1387 -1 1389 -1 1390 -1 1391 -1 1392 -1 1393 -1 1394 -1 1395 -1 1396 -1 1397 -1 1398 -1 1399 -1 1400 -1 1401 -1 1402 -1 1403 -1 1404 -1 1405 -1 1406 -1 1407 -1 1408 -1 1409 -1 1410 -1 1411 -1 1412 -1 1413 -1 1414 -1 1415 -1 1416 -1 1417 -1 1418 -1 1419 -1 1420 -1 1421 -1 1422 -1 1423 -1 1424 -1 1425 -1 1426 -1 1427 -1 11 -1 218 -1 6 -1 148 #UTIL: 11378
88) 1204 -1 1205 -1 1236 -1 1247 -1 1257 -1 1260 -1 1271 -1 1282 -1 1293 -1 1316 -1 1327 -1 1338 -1 1344 -1 1345 -1 1346 -1 1347 -1 1348 -1 1349 -1 1350 -1 1351 -1 1352 -1 1353 -1 1354 -1 1355 -1 1356 -1 1357 -1 1358 -1 1359 -1 1360 -1 1361 -1 1362 -1 1363 -1 1364 -1 1365 -1 1366 -1 1367 -1 1368 -1 1369 -1 1370 -1 1371 -1 1372 -1 1373 -1 1374 -1 1375 -1 1376 -1 1377 -1 1378 -1 1379 -1 1381 -1 1382 -1 1383 -1 1384 -1 1385 -1 1386 -1 1387 -1 1388 -1 1389 -1 1390 -1 1391 -1 1392 -1 1393 -1 1394 -1 1395 -1 1396 -1 1397 -1 1398 -1 1399 -1 1400 -1 1401 -1 1402 -1 1403 -1 1404 -1 1405 -1 1406 -1 1407 -1 1408 -1 1409 -1 1410 -1 1411 -1 1412 -1 1413 -1 1414 -1 1415 -1 1416 -1 1417 -1 1418 -1 1419 -1 1420 -1 1421 -1 1422 -1 1423 -1 1424 -1 1425 -1 1426 -1 1427 -1 11 -1 218 -1 6 -1 148 #UTIL: 11378
89) 1204 -1 1205 -1 1236 -1 1247 -1 1257 -1 1260 -1 1271 -1 1282 -1 1293 -1 1316 -1 1327 -1 1338 -1 1344 -1 1345 -1 1346 -1 1347 -1 1348 -1 1349 -1 1350 -1 1351 -1 1352 -1 1353 -1 1354 -1 1355 -1 1356 -1 1357 -1 1358 -1 1359 -1 1360 -1 1361 -1 1362 -1 1363 -1 1364 -1 1365 -1 1366 -1 1367 -1 1368 -1 1369 -1 1371 -1 1372 -1 1373 -1 1374 -1 1375 -1 1376 -1 1377 -1 1378 -1 1379 -1 1380 -1 1381 -1 1382 -1 1383 -1 1384 -1 1385 -1 1386 -1 1387 -1 1388 -1 1389 -1 1390 -1 1391 -1 1392 -1 1393 -1 1394 -1 1395 -1 1396 -1 1397 -1 1398 -1 1399 -1 1400 -1 1401 -1 1402 -1 1403 -1 1404 -1 1405 -1 1406 -1 1407 -1 1408 -1 1409 -1 1410 -1 1411 -1 1412 -1 1413 -1 1414 -1 1415 -1 1416 -1 1417 -1 1418 -1 1419 -1 1420 -1 1421 -1 1422 -1 1423 -1 1424 -1 1425 -1 1426 -1 1427 -1 11 -1 218 -1 6 -1 148 #UTIL: 11378
90) 1204 -1 1205 -1 1236 -1 1247 -1 1257 -1 1260 -1 1271 -1 1282 -1 1293 -1 1316 -1 1327 -1 1338 -1 1344 -1 1345 -1 1346 -1 1347 -1 1348 -1 1349 -1 1350 -1 1351 -1 1352 -1 1353 -1 1354 -1 1355 -1 1356 -1 1357 -1 1358 -1 1359 -1 1360 -1 1361 -1 1362 -1 1363 -1 1364 -1 1365 -1 1366 -1 1367 -1 1368 -1 1369 -1 1370 -1 1371 -1 1372 -1 1373 -1 1374 -1 1375 -1 1376 -1 1377 -1 1378 -1 1379 -1 1380 -1 1381 -1 1382 -1 1383 -1 1384 -1 1385 -1 1386 -1 1387 -1 1388 -1 1389 -1 1390 -1 1391 -1 1392 -1 1393 -1 1394 -1 1395 -1 1396 -1 1397 -1 1398 -1 1399 -1 1400 -1 1401 -1 1402 -1 1403 -1 1404 -1 1405 -1 1406 -1 1407 -1 1408 -1 1409 -1 1410 -1 1411 -1 1412 -1 1413 -1 1414 -1 1416 -1 1417 -1 1418 -1 1419 -1 1420 -1 1421 -1 1422 -1 1423 -1 1424 -1 1425 -1 1426 -1 1427 -1 11 -1 218 -1 6 -1 148 #UTIL: 11374
91) 1204 -1 1205 -1 1236 -1 1247 -1 1257 -1 1260 -1 1271 -1 1282 -1 1293 -1 1316 -1 1327 -1 1338 -1 1344 -1 1345 -1 1346 -1 1348 -1 1349 -1 1350 -1 1351 -1 1352 -1 1353 -1 1354 -1 1355 -1 1356 -1 1357 -1 1358 -1 1359 -1 1360 -1 1361 -1 1362 -1 1363 -1 1364 -1 1365 -1 1366 -1 1367 -1 1368 -1 1369 -1 1370 -1 1371 -1 1372 -1 1373 -1 1374 -1 1375 -1 1376 -1 1377 -1 1378 -1 1379 -1 1380 -1 1381 -1 1382 -1 1383 -1 1384 -1 1385 -1 1386 -1 1387 -1 1388 -1 1389 -1 1390 -1 1391 -1 1392 -1 1393 -1 1394 -1 1395 -1 1396 -1 1397 -1 1398 -1 1399 -1 1400 -1 1401 -1 1402 -1 1403 -1 1404 -1 1405 -1 1406 -1 1407 -1 1408 -1 1409 -1 1410 -1 1411 -1 1412 -1 1413 -1 1414 -1 1415 -1 1416 -1 1417 -1 1418 -1 1419 -1 1420 -1 1421 -1 1422 -1 1423 -1 1424 -1 1425 -1 1426 -1 1427 -1 11 -1 218 -1 6 -1 148 #UTIL: 11373
92) 1204 -1 1205 -1 1236 -1 1247 -1 1257 -1 1260 -1 1271 -1 1282 -1 1293 -1 1316 -1 1327 -1 1338 -1 1344 -1 1345 -1 1346 -1 1347 -1 1348 -1 1349 -1 1350 -1 1351 -1 1352 -1 1353 -1 1354 -1 1355 -1 1356 -1 1357 -1 1358 -1 1359 -1 1360 -1 1361 -1 1362 -1 1363 -1 1364 -1 1365 -1 1366 -1 1367 -1 1368 -1 1369 -1 1370 -1 1371 -1 1372 -1 1373 -1 1374 -1 1375 -1 1376 -1 1377 -1 1378 -1 1379 -1 1380 -1 1382 -1 1383 -1 1384 -1 1385 -1 1386 -1 1387 -1 1388 -1 1389 -1 1390 -1 1391 -1 1392 -1 1393 -1 1394 -1 1395 -1 1396 -1 1397 -1 1398 -1 1399 -1 1400 -1 1401 -1 1402 -1 1403 -1 1404 -1 1405 -1 1406 -1 1407 -1 1408 -1 1409 -1 1410 -1 1411 -1 1412 -1 1413 -1 1414 -1 1415 -1 1416 -1 1417 -1 1418 -1 1419 -1 1420 -1 1421 -1 1422 -1 1423 -1 1424 -1 1425 -1 1426 -1 1427 -1 11 -1 218 -1 6 -1 148 #UTIL: 11372
93) 1204 -1 1205 -1 1236 -1 1247 -1 1257 -1 1260 -1 1271 -1 1282 -1 1293 -1 1316 -1 1327 -1 1338 -1 1344 -1 1345 -1 1346 -1 1347 -1 1348 -1 1349 -1 1350 -1 1351 -1 1352 -1 1353 -1 1354 -1 1355 -1 1356 -1 1357 -1 1358 -1 1359 -1 1360 -1 1361 -1 1362 -1 1363 -1 1364 -1 1365 -1 1366 -1 1367 -1 1368 -1 1369 -1 1370 -1 1371 -1 1372 -1 1373 -1 1374 -1 1375 -1 1376 -1 1377 -1 1378 -1 1379 -1 1380 -1 1381 -1 1382 -1 1383 -1 1384 -1 1385 -1 1386 -1 1387 -1 1388 -1 1389 -1 1390 -1 1391 -1 1392 -1 1393 -1 1394 -1 1395 -1 1396 -1 1397 -1 1398 -1 1399 -1 1400 -1 1401 -1 1402 -1 1403 -1 1404 -1 1405 -1 1406 -1 1407 -1 1408 -1 1409 -1 1410 -1 1411 -1 1412 -1 1413 -1 1414 -1 1415 -1 1416 -1 1417 -1 1418 -1 1419 -1 1420 -1 1421 -1 1422 -1 1423 -1 1424 -1 1425 -1 1426 -1 1427 -1 218 -1 6 -1 148 #UTIL: 11371
94) 1205 -1 1236 -1 1247 -1 1257 -1 1260 -1 1271 -1 1282 -1 1293 -1 1316 -1 1327 -1 1338 -1 1344 -1 1345 -1 1346 -1 1347 -1 1348 -1 1349 -1 1350 -1 1351 -1 1352 -1 1353 -1 1354 -1 1355 -1 1356 -1 1357 -1 1358 -1 1359 -1 1360 -1 1361 -1 1362 -1 1363 -1 1364 -1 1365 -1 1366 -1 1367 -1 1368 -1 1369 -1 1370 -1 1371 -1 1372 -1 1373 -1 1374 -1 1375 -1 1376 -1 1377 -1 1378 -1 1379 -1 1380 -1 1381 -1 1382 -1 1383 -1 1384 -1 1385 -1 1386 -1 1387 -1 1388 -1 1389 -1 1390 -1 1391 -1 1392 -1 1393 -1 1394 -1 1395 -1 1396 -1 1397 -1 1398 -1 1399 -1 1400 -1 1401 -1 1402 -1 1403 -1 1404 -1 1405 -1 1406 -1 1407 -1 1408 -1 1409 -1 1410 -1 1411 -1 1412 -1 1413 -1 1414 -1 1415 -1 1416 -1 1417 -1 1418 -1 1419 -1 1420 -1 1421 -1 1422 -1 1423 -1 1424 -1 1425 -1 1426 -1 1427 -1 11 -1 218 -1 6 -1 148 #UTIL: 11371
95) 1204 -1 1205 -1 1236 -1 1247 -1 1257 -1 1271 -1 1282 -1 1293 -1 1316 -1 1327 -1 1338 -1 1344 -1 1345 -1 1346 -1 1347 -1 1348 -1 1349 -1 1350 -1 1351 -1 1352 -1 1353 -1 1354 -1 1355 -1 1356 -1 1357 -1 1358 -1 1359 -1 1360 -1 1361 -1 1362 -1 1363 -1 1364 -1 1365 -1 1366 -1 1367 -1 1368 -1 1369 -1 1370 -1 1371 -1 1372 -1 1373 -1 1374 -1 1375 -1 1376 -1 1377 -1 1378 -1 1379 -1 1380 -1 1381 -1 1382 -1 1383 -1 1384 -1 1385 -1 1386 -1 1387 -1 1388 -1 1389 -1 1390 -1 1391 -1 1392 -1 1393 -1 1394 -1 1395 -1 1396 -1 1397 -1 1398 -1 1399 -1 1400 -1 1401 -1 1402 -1 1403 -1 1404 -1 1405 -1 1406 -1 1407 -1 1408 -1 1409 -1 1410 -1 1411 -1 1412 -1 1413 -1 1414 -1 1415 -1 1416 -1 1417 -1 1418 -1 1419 -1 1420 -1 1421 -1 1422 -1 1423 -1 1424 -1 1425 -1 1426 -1 1427 -1 11 -1 218 -1 6 -1 148 #UTIL: 11370
96) 1204 -1 1205 -1 1236 -1 1247 -1 1257 -1 1260 -1 1271 -1 1282 -1 1293 -1 1316 -1 1327 -1 1338 -1 1344 -1 1345 -1 1346 -1 1347 -1 1348 -1 1349 -1 1350 -1 1351 -1 1352 -1 1353 -1 1354 -1 1355 -1 1356 -1 1357 -1 1358 -1 1359 -1 1360 -1 1361 -1 1362 -1 1363 -1 1364 -1 1366 -1 1367 -1 1368 -1 1369 -1 1370 -1 1371 -1 1372 -1 1373 -1 1374 -1 1375 -1 1376 -1 1377 -1 1378 -1 1379 -1 1380 -1 1381 -1 1382 -1 1383 -1 1384 -1 1385 -1 1386 -1 1387 -1 1388 -1 1389 -1 1390 -1 1391 -1 1392 -1 1393 -1 1394 -1 1395 -1 1396 -1 1397 -1 1398 -1 1399 -1 1400 -1 1401 -1 1402 -1 1403 -1 1404 -1 1405 -1 1406 -1 1407 -1 1408 -1 1409 -1 1410 -1 1411 -1 1412 -1 1413 -1 1414 -1 1415 -1 1416 -1 1417 -1 1418 -1 1419 -1 1420 -1 1421 -1 1422 -1 1423 -1 1424 -1 1425 -1 1426 -1 1427 -1 11 -1 218 -1 6 -1 148 #UTIL: 11369
97) 1204 -1 1205 -1 1236 -1 1247 -1 1257 -1 1260 -1 1271 -1 1282 -1 1293 -1 1316 -1 1327 -1 1338 -1 1344 -1 1345 -1 1346 -1 1347 -1 1348 -1 1349 -1 1350 -1 1351 -1 1352 -1 1353 -1 1354 -1 1355 -1 1356 -1 1357 -1 1358 -1 1359 -1 1360 -1 1361 -1 1362 -1 1363 -1 1364 -1 1365 -1 1366 -1 1367 -1 1368 -1 1370 -1 1371 -1 1372 -1 1373 -1 1374 -1 1375 -1 1376 -1 1377 -1 1378 -1 1379 -1 1380 -1 1381 -1 1382 -1 1383 -1 1384 -1 1385 -1 1386 -1 1387 -1 1388 -1 1389 -1 1390 -1 1391 -1 1392 -1 1393 -1 1394 -1 1395 -1 1396 -1 1397 -1 1398 -1 1399 -1 1400 -1 1401 -1 1402 -1 1403 -1 1404 -1 1405 -1 1406 -1 1407 -1 1408 -1 1409 -1 1410 -1 1411 -1 1412 -1 1413 -1 1414 -1 1415 -1 1416 -1 1417 -1 1418 -1 1419 -1 1420 -1 1421 -1 1422 -1 1423 -1 1424 -1 1425 -1 1426 -1 1427 -1 11 -1 218 -1 6 -1 148 #UTIL: 11368
98) 1204 -1 1205 -1 1236 -1 1247 -1 1257 -1 1260 -1 1271 -1 1282 -1 1293 -1 1316 -1 1327 -1 1338 -1 1344 -1 1345 -1 1346 -1 1347 -1 1348 -1 1349 -1 1350 -1 1351 -1 1352 -1 1353 -1 1354 -1 1355 -1 1356 -1 1357 -1 1358 -1 1359 -1 1361 -1 1362 -1 1363 -1 1364 -1 1365 -1 1366 -1 1367 -1 1368 -1 1369 -1 1370 -1 1371 -1 1372 -1 1373 -1 1374 -1 1375 -1 1376 -1 1377 -1 1378 -1 1379 -1 1380 -1 1381 -1 1382 -1 1383 -1 1384 -1 1385 -1 1386 -1 1387 -1 1388 -1 1389 -1 1390 -1 1391 -1 1392 -1 1393 -1 1394 -1 1395 -1 1396 -1 1397 -1 1398 -1 1399 -1 1400 -1 1401 -1 1402 -1 1403 -1 1404 -1 1405 -1 1406 -1 1407 -1 1408 -1 1409 -1 1410 -1 1411 -1 1412 -1 1413 -1 1414 -1 1415 -1 1416 -1 1417 -1 1418 -1 1419 -1 1420 -1 1421 -1 1422 -1 1423 -1 1424 -1 1425 -1 1426 -1 1427 -1 11 -1 218 -1 6 -1 148 #UTIL: 11368
99) 1204 -1 1205 -1 1236 -1 1247 -1 1257 -1 1260 -1 1271 -1 1282 -1 1293 -1 1316 -1 1327 -1 1338 -1 1344 -1 1345 -1 1346 -1 1347 -1 1348 -1 1349 -1 1350 -1 1351 -1 1352 -1 1353 -1 1354 -1 1355 -1 1356 -1 1357 -1 1359 -1 1360 -1 1361 -1 1362 -1 1363 -1 1364 -1 1365 -1 1366 -1 1367 -1 1368 -1 1369 -1 1370 -1 1371 -1 1372 -1 1373 -1 1374 -1 1375 -1 1376 -1 1377 -1 1378 -1 1379 -1 1380 -1 1381 -1 1382 -1 1383 -1 1384 -1 1385 -1 1386 -1 1387 -1 1388 -1 1389 -1 1390 -1 1391 -1 1392 -1 1393 -1 1394 -1 1395 -1 1396 -1 1397 -1 1398 -1 1399 -1 1400 -1 1401 -1 1402 -1 1403 -1 1404 -1 1405 -1 1406 -1 1407 -1 1408 -1 1409 -1 1410 -1 1411 -1 1412 -1 1413 -1 1414 -1 1415 -1 1416 -1 1417 -1 1418 -1 1419 -1 1420 -1 1421 -1 1422 -1 1423 -1 1424 -1 1425 -1 1426 -1 1427 -1 11 -1 218 -1 6 -1 148 #UTIL: 11368
100) 1204 -1 1205 -1 1236 -1 1247 -1 1257 -1 1260 -1 1271 -1 1282 -1 1293 -1 1316 -1 1327 -1 1338 -1 1344 -1 1345 -1 1346 -1 1347 -1 1348 -1 1349 -1 1350 -1 1351 -1 1352 -1 1353 -1 1354 -1 1355 -1 1356 -1 1357 -1 1358 -1 1359 -1 1360 -1 1361 -1 1362 -1 1363 -1 1364 -1 1365 -1 1366 -1 1367 -1 1368 -1 1369 -1 1370 -1 1371 -1 1372 -1 1373 -1 1374 -1 1375 -1 1376 -1 1377 -1 1378 -1 1379 -1 1380 -1 1381 -1 1382 -1 1383 -1 1384 -1 1385 -1 1386 -1 1387 -1 1388 -1 1389 -1 1390 -1 1391 -1 1392 -1 1393 -1 1394 -1 1395 -1 1397 -1 1398 -1 1399 -1 1400 -1 1401 -1 1402 -1 1403 -1 1404 -1 1405 -1 1406 -1 1407 -1 1408 -1 1409 -1 1410 -1 1411 -1 1412 -1 1413 -1 1414 -1 1415 -1 1416 -1 1417 -1 1418 -1 1419 -1 1420 -1 1421 -1 1422 -1 1423 -1 1424 -1 1425 -1 1426 -1 1427 -1 11 -1 218 -1 6 -1 148 #UTIL: 11365