1) 6 #UTIL: 165910
2) 11 -1 6 #UTIL: 107030
3) 6 -1 3 #UTIL: 88163
4) 11 -1 6 -1 3 #UTIL: 55030
5) 1 -1 6 #UTIL: 49440
6) 6 -1 7 #UTIL: 40180
7) 11 -1 1 -1 6 #UTIL: 36013
8) 55 #UTIL: 34720
9) 218 -1 6 #UTIL: 34710
10) 11 -1 6 -1 7 #UTIL: 32587
11) 6 -1 55 #UTIL: 32135
12) 218 -1 6 -1 148 #UTIL: 31528
13) 11 -1 218 -1 6 -1 148 #UTIL: 30847
14) 11 -1 218 -1 6 #UTIL: 30676
15) 27 -1 6 #UTIL: 28720
16) 27 -1 6 -1 7 #UTIL: 28045
17) 6 -1 77 #UTIL: 26405
18) 6 -1 148 #UTIL: 25486
19) 3 #UTIL: 25470
20) 1 -1 6 -1 3 #UTIL: 25283
21) 11 -1 6 -1 148 #UTIL: 24807
22) 11 -1 27 -1 6 -1 7 #UTIL: 24210
23) 11 -1 27 -1 6 #UTIL: 23695
24) 7 #UTIL: 23225
25) 11 -1 6 -1 77 #UTIL: 21795
26) 1 #UTIL: 21520
27) 6 -1 3 -1 7 #UTIL: 20679
28) 11 #UTIL: 20129
29) 27 -1 7 #UTIL: 19202
30) 11 -1 6 -1 55 #UTIL: 18868
