1) 6 #UTIL: 165910
2) 11 -1 6 #UTIL: 107030
3) 6 -1 3 #UTIL: 88163
4) 11 -1 6 -1 3 #UTIL: 55030
5) 1 -1 6 #UTIL: 49440
6) 6 -1 7 #UTIL: 40180
7) 11 -1 1 -1 6 #UTIL: 36013
8) 55 #UTIL: 34720
9) 218 -1 6 #UTIL: 34710
10) 11 -1 6 -1 7 #UTIL: 32587
11) 6 -1 55 #UTIL: 32135
12) 218 -1 6 -1 148 #UTIL: 31528
13) 11 -1 218 -1 6 -1 148 #UTIL: 30847
14) 11 -1 218 -1 6 #UTIL: 30676
15) 27 -1 6 #UTIL: 28720
16) 27 -1 6 -1 7 #UTIL: 28045
17) 6 -1 77 #UTIL: 26405
18) 6 -1 148 #UTIL: 25486
19) 3 #UTIL: 25470
20) 1 -1 6 -1 3 #UTIL: 25283
21) 11 -1 6 -1 148 #UTIL: 24807
22) 11 -1 27 -1 6 -1 7 #UTIL: 24210
23) 11 -1 27 -1 6 #UTIL: 23695
24) 7 #UTIL: 23225
25) 11 -1 6 -1 77 #UTIL: 21795
26) 1 #UTIL: 21520
27) 6 -1 3 -1 7 #UTIL: 20679
28) 11 #UTIL: 20129
29) 27 -1 7 #UTIL: 19202
30) 11 -1 6 -1 55 #UTIL: 18868
31) 11 -1 7 #UTIL: 18223
32) 6 -1 64 #UTIL: 18177
33) 11 -1 1 -1 6 -1 3 #UTIL: 18173
34) 77 #UTIL: 17941
35) 11 -1 3 #UTIL: 17802
36) 1 -1 218 -1 6 #UTIL: 17676
37) 1 -1 218 -1 6 -1 148 #UTIL: 17648
38) 11 -1 1 -1 218 -1 6 -1 148 #UTIL: 17371
39) 218 -1 6 -1 3 #UTIL: 17253
40) 55 -1 3 #UTIL: 16879
41) 11 -1 6 -1 3 -1 7 #UTIL: 16875
42) 11 -1 1 -1 218 -1 6 #UTIL: 16622
43) 11 -1 218 -1 148 #UTIL: 16510
44) 6 -1 7 -1 87 #UTIL: 16465
45) 11 -1 27 -1 7 #UTIL: 16291
46) 218 -1 148 #UTIL: 15880
47) 27 -1 6 -1 7 -1 87 #UTIL: 15442
48) 11 -1 218 -1 6 -1 3 #UTIL: 15310
49) 218 -1 6 -1 3 -1 148 #UTIL: 15246
50) 11 -1 6 -1 64 #UTIL: 15201
51) 27 #UTIL: 15048
52) 4 -1 6 #UTIL: 15042
53) 11 -1 218 -1 6 -1 3 -1 148 #UTIL: 14977
54) 6 -1 55 -1 3 #UTIL: 14669
55) 218 #UTIL: 14664
56) 1 -1 6 -1 148 #UTIL: 14531
57) 11 -1 1 -1 6 -1 148 #UTIL: 14514
58) 11 -1 1 #UTIL: 14480
59) 6 -1 138 #UTIL: 14468
60) 1 -1 6 -1 7 #UTIL: 14449
61) 11 -1 6 -1 7 -1 87 #UTIL: 14157
62) 6 -1 135 #UTIL: 14107
63) 27 -1 6 -1 3 #UTIL: 13985
64) 1 -1 3 #UTIL: 13957
65) 11 -1 55 #UTIL: 13955
66) 11 -1 218 #UTIL: 13782
67) 11 -1 77 #UTIL: 13549
68) 27 -1 6 -1 3 -1 7 #UTIL: 13457
69) 11 -1 27 -1 6 -1 7 -1 87 #UTIL: 13400
70) 11 -1 6 -1 135 #UTIL: 13350