1) 2154 #UTIL: 4920
2) 91 #UTIL: 4504
3) 8032 #UTIL: 4018
4) 2541 #UTIL: 4014
5) 1017 #UTIL: 4002
6) 5462 #UTIL: 3960
7) 3900 #UTIL: 3456
8) 9910 #UTIL: 3339
9) 127 #UTIL: 3073
10) 6018 #UTIL: 3012
11) 2077 #UTIL: 2885
12) 3278 #UTIL: 2824
13) 2072 #UTIL: 2808
14) 45 #UTIL: 2736
15) 8052 #UTIL: 2721
16) 1734 #UTIL: 2672
17) 9693 #UTIL: 2513
18) 1724 #UTIL: 2502
19) 2660 #UTIL: 2432
20) 8585 #UTIL: 2430
21) 9170 #UTIL: 2430
22) 1849 #UTIL: 2415
23) 3789 6018 8212 8365 9851 #UTIL: 2349
24) 908 1696 1724 5979 9616 #UTIL: 2338
25) 6467 #UTIL: 2324
26) 6698 -1 727 5998 -1 6178 6404 8728 9177 -1 1486 3042 6158 -1 1506 2992 5076 5363 7205 8259 #UTIL: 2320
27) 5598 #UTIL: 2317
28) 6698 -1 727 5998 -1 6178 8728 9177 -1 1486 3042 6158 -1 1506 2992 5076 5363 7205 8259 #UTIL: 2265
29) 6698 -1 727 5998 -1 6178 6404 8728 9177 -1 1486 3042 6158 -1 1506 2992 5076 5363 8259 #UTIL: 2259
30) 727 5998 -1 6178 6404 8728 9177 -1 1486 3042 6158 -1 1506 2992 5076 5363 7205 8259 #UTIL: 2254
31) 6698 -1 727 5998 -1 6178 6404 8728 -1 1486 3042 6158 -1 1506 2992 5076 5363 7205 8259 #UTIL: 2254
32) 6698 -1 727 5998 -1 6404 8728 9177 -1 1486 3042 6158 -1 1506 2992 5076 5363 7205 8259 #UTIL: 2254
33) 6698 -1 5998 -1 6178 6404 8728 9177 -1 1486 3042 6158 -1 1506 2992 5076 5363 7205 8259 #UTIL: 2252
34) 6698 -1 727 -1 6178 6404 8728 9177 -1 1486 3042 6158 -1 1506 2992 5076 5363 7205 8259 #UTIL: 2249
35) 6698 -1 727 5998 -1 6178 6404 8728 9177 -1 1486 6158 -1 1506 2992 5076 5363 7205 8259 #UTIL: 2246
36) 4429 #UTIL: 2230
37) 908 1724 5979 9616 #UTIL: 2208
38) 908 1696 1724 9616 #UTIL: 2204
39) 6698 -1 727 5998 -1 6178 6404 8728 9177 -1 1486 3042 -1 1506 2992 5076 5363 7205 8259 #UTIL: 2204
40) 6698 -1 727 5998 -1 6178 8728 9177 -1 1486 3042 6158 -1 1506 2992 5076 5363 8259 #UTIL: 2204
41) 727 5998 -1 6178 8728 9177 -1 1486 3042 6158 -1 1506 2992 5076 5363 7205 8259 #UTIL: 2199
42) 6698 -1 727 5998 -1 6178 8728 -1 1486 3042 6158 -1 1506 2992 5076 5363 7205 8259 #UTIL: 2199
43) 6698 -1 727 5998 -1 8728 9177 -1 1486 3042 6158 -1 1506 2992 5076 5363 7205 8259 #UTIL: 2199
44) 6698 -1 5998 -1 6178 8728 9177 -1 1486 3042 6158 -1 1506 2992 5076 5363 7205 8259 #UTIL: 2197
45) 6698 -1 727 -1 6178 8728 9177 -1 1486 3042 6158 -1 1506 2992 5076 5363 7205 8259 #UTIL: 2194
46) 727 5998 -1 6178 6404 8728 9177 -1 1486 3042 6158 -1 1506 2992 5076 5363 8259 #UTIL: 2193
47) 6698 -1 727 5998 -1 6178 6404 8728 -1 1486 3042 6158 -1 1506 2992 5076 5363 8259 #UTIL: 2193
48) 6698 -1 727 5998 -1 6404 8728 9177 -1 1486 3042 6158 -1 1506 2992 5076 5363 8259 #UTIL: 2193
49) 6698 -1 5998 -1 6178 6404 8728 9177 -1 1486 3042 6158 -1 1506 2992 5076 5363 8259 #UTIL: 2191
50) 6698 -1 727 5998 -1 6178 8728 9177 -1 1486 6158 -1 1506 2992 5076 5363 7205 8259 #UTIL: 2191
51) 6698 -1 727 5998 -1 6178 6404 8728 9177 -1 3042 6158 -1 1506 2992 5076 5363 7205 8259 #UTIL: 2190
52) 727 5998 -1 6178 6404 8728 -1 1486 3042 6158 -1 1506 2992 5076 5363 7205 8259 #UTIL: 2188
53) 727 5998 -1 6404 8728 9177 -1 1486 3042 6158 -1 1506 2992 5076 5363 7205 8259 #UTIL: 2188
54) 6698 -1 727 5998 -1 6404 8728 -1 1486 3042 6158 -1 1506 2992 5076 5363 7205 8259 #UTIL: 2188
55) 6698 -1 727 -1 6178 6404 8728 9177 -1 1486 3042 6158 -1 1506 2992 5076 5363 8259 #UTIL: 2188
56) 5998 -1 6178 6404 8728 9177 -1 1486 3042 6158 -1 1506 2992 5076 5363 7205 8259 #UTIL: 2186
57) 6698 -1 5998 -1 6178 6404 8728 -1 1486 3042 6158 -1 1506 2992 5076 5363 7205 8259 #UTIL: 2186
58) 6698 -1 5998 -1 6404 8728 9177 -1 1486 3042 6158 -1 1506 2992 5076 5363 7205 8259 #UTIL: 2186
59) 9692 #UTIL: 2185
60) 6698 -1 727 5998 -1 6178 6404 8728 9177 -1 1486 6158 -1 1506 2992 5076 5363 8259 #UTIL: 2185
61) 727 -1 6178 6404 8728 9177 -1 1486 3042 6158 -1 1506 2992 5076 5363 7205 8259 #UTIL: 2183
62) 6698 -1 727 -1 6178 6404 8728 -1 1486 3042 6158 -1 1506 2992 5076 5363 7205 8259 #UTIL: 2183
63) 6698 -1 727 -1 6404 8728 9177 -1 1486 3042 6158 -1 1506 2992 5076 5363 7205 8259 #UTIL: 2183
64) 6698 -1 6178 6404 8728 9177 -1 1486 3042 6158 -1 1506 2992 5076 5363 7205 8259 #UTIL: 2181
65) 727 5998 -1 6178 6404 8728 9177 -1 1486 6158 -1 1506 2992 5076 5363 7205 8259 #UTIL: 2180
66) 6698 -1 727 5998 -1 6178 6404 8728 -1 1486 6158 -1 1506 2992 5076 5363 7205 8259 #UTIL: 2180
67) 6698 -1 727 5998 -1 6404 8728 9177 -1 1486 6158 -1 1506 2992 5076 5363 7205 8259 #UTIL: 2180
68) 6698 -1 5998 -1 6178 6404 8728 9177 -1 1486 6158 -1 1506 2992 5076 5363 7205 8259 #UTIL: 2178
69) 6698 -1 727 5998 -1 6178 6404 8728 9177 -1 1486 3042 6158 -1 1506 5076 5363 7205 8259 #UTIL: 2176
70) 6698 -1 727 -1 6178 6404 8728 9177 -1 1486 6158 -1 1506 2992 5076 5363 7205 8259 #UTIL: 2175
71) 6698 -1 727 5998 -1 6178 8728 9177 -1 1486 3042 -1 1506 2992 5076 5363 7205 8259 #UTIL: 2149
72) 6698 -1 727 5998 -1 6178 6404 8728 9177 -1 1486 3042 -1 1506 2992 5076 5363 8259 #UTIL: 2143
73) 727 5998 -1 6178 6404 8728 9177 -1 1486 3042 -1 1506 2992 5076 5363 7205 8259 #UTIL: 2138
74) 727 5998 -1 6178 8728 9177 -1 1486 3042 6158 -1 1506 2992 5076 5363 8259 #UTIL: 2138
75) 6698 -1 727 5998 -1 6178 6404 8728 -1 1486 3042 -1 1506 2992 5076 5363 7205 8259 #UTIL: 2138
76) 6698 -1 727 5998 -1 6178 8728 -1 1486 3042 6158 -1 1506 2992 5076 5363 8259 #UTIL: 2138
77) 6698 -1 727 5998 -1 6404 8728 9177 -1 1486 3042 -1 1506 2992 5076 5363 7205 8259 #UTIL: 2138
78) 6698 -1 727 5998 -1 8728 9177 -1 1486 3042 6158 -1 1506 2992 5076 5363 8259 #UTIL: 2138
79) 6698 -1 5998 -1 6178 6404 8728 9177 -1 1486 3042 -1 1506 2992 5076 5363 7205 8259 #UTIL: 2136
80) 6698 -1 5998 -1 6178 8728 9177 -1 1486 3042 6158 -1 1506 2992 5076 5363 8259 #UTIL: 2136
81) 6195 #UTIL: 2135
82) 6698 -1 727 5998 -1 6178 8728 9177 -1 3042 6158 -1 1506 2992 5076 5363 7205 8259 #UTIL: 2135
83) 727 5998 -1 6178 8728 -1 1486 3042 6158 -1 1506 2992 5076 5363 7205 8259 #UTIL: 2133
84) 727 5998 -1 8728 9177 -1 1486 3042 6158 -1 1506 2992 5076 5363 7205 8259 #UTIL: 2133
85) 6698 -1 727 5998 -1 8728 -1 1486 3042 6158 -1 1506 2992 5076 5363 7205 8259 #UTIL: 2133
86) 6698 -1 727 -1 6178 6404 8728 9177 -1 1486 3042 -1 1506 2992 5076 5363 7205 8259 #UTIL: 2133
87) 6698 -1 727 -1 6178 8728 9177 -1 1486 3042 6158 -1 1506 2992 5076 5363 8259 #UTIL: 2133
88) 5998 -1 6178 8728 9177 -1 1486 3042 6158 -1 1506 2992 5076 5363 7205 8259 #UTIL: 2131
89) 6698 -1 5998 -1 6178 8728 -1 1486 3042 6158 -1 1506 2992 5076 5363 7205 8259 #UTIL: 2131
90) 6698 -1 5998 -1 8728 9177 -1 1486 3042 6158 -1 1506 2992 5076 5363 7205 8259 #UTIL: 2131
91) 6698 -1 727 5998 -1 6178 6404 8728 9177 -1 1486 -1 1506 2992 5076 5363 7205 8259 #UTIL: 2130
92) 6698 -1 727 5998 -1 6178 8728 9177 -1 1486 6158 -1 1506 2992 5076 5363 8259 #UTIL: 2130
93) 6698 -1 727 5998 -1 6178 6404 8728 9177 -1 3042 6158 -1 1506 2992 5076 5363 8259 #UTIL: 2129
94) 727 -1 6178 8728 9177 -1 1486 3042 6158 -1 1506 2992 5076 5363 7205 8259 #UTIL: 2128
95) 920 #UTIL: 2128
96) 6698 -1 727 -1 6178 8728 -1 1486 3042 6158 -1 1506 2992 5076 5363 7205 8259 #UTIL: 2128
97) 6698 -1 727 -1 8728 9177 -1 1486 3042 6158 -1 1506 2992 5076 5363 7205 8259 #UTIL: 2128
98) 727 5998 -1 6178 6404 8728 -1 1486 3042 6158 -1 1506 2992 5076 5363 8259 #UTIL: 2127
99) 727 5998 -1 6404 8728 9177 -1 1486 3042 6158 -1 1506 2992 5076 5363 8259 #UTIL: 2127
100) 6698 -1 727 5998 -1 6404 8728 -1 1486 3042 6158 -1 1506 2992 5076 5363 8259 #UTIL: 2127
101) 6698 -1 6178 8728 9177 -1 1486 3042 6158 -1 1506 2992 5076 5363 7205 8259 #UTIL: 2126
102) 727 5998 -1 6178 8728 9177 -1 1486 6158 -1 1506 2992 5076 5363 7205 8259 #UTIL: 2125
103) 5998 -1 6178 6404 8728 9177 -1 1486 3042 6158 -1 1506 2992 5076 5363 8259 #UTIL: 2125
104) 6698 -1 5998 -1 6178 6404 8728 -1 1486 3042 6158 -1 1506 2992 5076 5363 8259 #UTIL: 2125
105) 6698 -1 5998 -1 6404 8728 9177 -1 1486 3042 6158 -1 1506 2992 5076 5363 8259 #UTIL: 2125
106) 6698 -1 727 5998 -1 6178 8728 -1 1486 6158 -1 1506 2992 5076 5363 7205 8259 #UTIL: 2125
107) 6698 -1 727 5998 -1 8728 9177 -1 1486 6158 -1 1506 2992 5076 5363 7205 8259 #UTIL: 2125
108) 727 5998 -1 6178 6404 8728 9177 -1 3042 6158 -1 1506 2992 5076 5363 7205 8259 #UTIL: 2124
109) 6698 -1 727 5998 -1 6178 6404 8728 -1 3042 6158 -1 1506 2992 5076 5363 7205 8259 #UTIL: 2124
110) 6698 -1 727 5998 -1 6404 8728 9177 -1 3042 6158 -1 1506 2992 5076 5363 7205 8259 #UTIL: 2124
111) 6698 -1 5998 -1 6178 8728 9177 -1 1486 6158 -1 1506 2992 5076 5363 7205 8259 #UTIL: 2123
112) 727 5998 -1 6404 8728 -1 1486 3042 6158 -1 1506 2992 5076 5363 7205 8259 #UTIL: 2122
113) 727 -1 6178 6404 8728 9177 -1 1486 3042 6158 -1 1506 2992 5076 5363 8259 #UTIL: 2122
114) 6698 -1 5998 -1 6178 6404 8728 9177 -1 3042 6158 -1 1506 2992 5076 5363 7205 8259 #UTIL: 2122
115) 6698 -1 727 -1 6178 6404 8728 -1 1486 3042 6158 -1 1506 2992 5076 5363 8259 #UTIL: 2122
116) 6698 -1 727 -1 6404 8728 9177 -1 1486 3042 6158 -1 1506 2992 5076 5363 8259 #UTIL: 2122
117) 6698 -1 727 5998 -1 6178 8728 9177 -1 1486 3042 6158 -1 1506 5076 5363 7205 8259 #UTIL: 2121
118) 5998 -1 6404 8728 9177 -1 1486 3042 6158 -1 1506 2992 5076 5363 7205 8259 #UTIL: 2120
119) 5998 -1 6178 6404 8728 -1 1486 3042 6158 -1 1506 2992 5076 5363 7205 8259 #UTIL: 2120
120) 6698 -1 6178 6404 8728 9177 -1 1486 3042 6158 -1 1506 2992 5076 5363 8259 #UTIL: 2120
121) 6698 -1 5998 -1 6404 8728 -1 1486 3042 6158 -1 1506 2992 5076 5363 7205 8259 #UTIL: 2120
122) 6698 -1 727 -1 6178 8728 9177 -1 1486 6158 -1 1506 2992 5076 5363 7205 8259 #UTIL: 2120
123) 727 5998 -1 6178 6404 8728 9177 -1 1486 6158 -1 1506 2992 5076 5363 8259 #UTIL: 2119
124) 6698 -1 727 5998 -1 6178 6404 8728 -1 1486 6158 -1 1506 2992 5076 5363 8259 #UTIL: 2119
125) 6698 -1 727 5998 -1 6404 8728 9177 -1 1486 6158 -1 1506 2992 5076 5363 8259 #UTIL: 2119
126) 6698 -1 727 -1 6178 6404 8728 9177 -1 3042 6158 -1 1506 2992 5076 5363 7205 8259 #UTIL: 2119
127) 727 -1 6178 6404 8728 -1 1486 3042 6158 -1 1506 2992 5076 5363 7205 8259 #UTIL: 2117
128) 727 -1 6404 8728 9177 -1 1486 3042 6158 -1 1506 2992 5076 5363 7205 8259 #UTIL: 2117
129) 6698 -1 5998 -1 6178 6404 8728 9177 -1 1486 6158 -1 1506 2992 5076 5363 8259 #UTIL: 2117
130) 6698 -1 727 -1 6404 8728 -1 1486 3042 6158 -1 1506 2992 5076 5363 7205 8259 #UTIL: 2117
131) 6698 -1 727 5998 -1 6178 6404 8728 9177 -1 6158 -1 1506 2992 5076 5363 7205 8259 #UTIL: 2116
132) 6178 6404 8728 9177 -1 1486 3042 6158 -1 1506 2992 5076 5363 7205 8259 #UTIL: 2115
133) 6698 -1 6178 6404 8728 -1 1486 3042 6158 -1 1506 2992 5076 5363 7205 8259 #UTIL: 2115
134) 6698 -1 6404 8728 9177 -1 1486 3042 6158 -1 1506 2992 5076 5363 7205 8259 #UTIL: 2115
135) 6698 -1 727 5998 -1 6178 6404 8728 9177 -1 1486 3042 6158 -1 1506 5076 5363 8259 #UTIL: 2115
136) 727 5998 -1 6178 6404 8728 -1 1486 6158 -1 1506 2992 5076 5363 7205 8259 #UTIL: 2114
137) 727 5998 -1 6404 8728 9177 -1 1486 6158 -1 1506 2992 5076 5363 7205 8259 #UTIL: 2114
138) 6698 -1 727 5998 -1 6404 8728 -1 1486 6158 -1 1506 2992 5076 5363 7205 8259 #UTIL: 2114
139) 6698 -1 727 -1 6178 6404 8728 9177 -1 1486 6158 -1 1506 2992 5076 5363 8259 #UTIL: 2114
140) 5998 -1 6178 6404 8728 9177 -1 1486 6158 -1 1506 2992 5076 5363 7205 8259 #UTIL: 2112
141) 6698 -1 5998 -1 6178 6404 8728 -1 1486 6158 -1 1506 2992 5076 5363 7205 8259 #UTIL: 2112
142) 6698 -1 5998 -1 6404 8728 9177 -1 1486 6158 -1 1506 2992 5076 5363 7205 8259 #UTIL: 2112
143) 727 5998 -1 6178 6404 8728 9177 -1 1486 3042 6158 -1 1506 5076 5363 7205 8259 #UTIL: 2110
144) 6698 -1 727 5998 -1 6178 6404 8728 9177 -1 1486 3042 6158 -1 2992 5076 5363 7205 8259 #UTIL: 2110
145) 6698 -1 727 5998 -1 6178 6404 8728 -1 1486 3042 6158 -1 1506 5076 5363 7205 8259 #UTIL: 2110
146) 6698 -1 727 5998 -1 6404 8728 9177 -1 1486 3042 6158 -1 1506 5076 5363 7205 8259 #UTIL: 2110
147) 727 -1 6178 6404 8728 9177 -1 1486 6158 -1 1506 2992 5076 5363 7205 8259 #UTIL: 2109
148) 6698 -1 727 -1 6178 6404 8728 -1 1486 6158 -1 1506 2992 5076 5363 7205 8259 #UTIL: 2109
149) 6698 -1 727 -1 6404 8728 9177 -1 1486 6158 -1 1506 2992 5076 5363 7205 8259 #UTIL: 2109
150) 6698 -1 5998 -1 6178 6404 8728 9177 -1 1486 3042 6158 -1 1506 5076 5363 7205 8259 #UTIL: 2108
151) 6698 -1 6178 6404 8728 9177 -1 1486 6158 -1 1506 2992 5076 5363 7205 8259 #UTIL: 2107
152) 6698 -1 727 5998 -1 6178 6404 8728 9177 -1 1486 3042 6158 -1 1506 2992 5076 5363 7205 #UTIL: 2107
153) 6698 -1 727 -1 6178 6404 8728 9177 -1 1486 3042 6158 -1 1506 5076 5363 7205 8259 #UTIL: 2105
154) 6698 -1 727 5998 -1 6178 6404 8728 9177 -1 1486 6158 -1 1506 5076 5363 7205 8259 #UTIL: 2102
155) 6698 -1 727 5998 -1 6178 6404 8728 9177 -1 1486 3042 6158 -1 1506 2992 5076 7205 8259 #UTIL: 2088
156) 6698 -1 727 5998 -1 6178 8728 9177 -1 1486 3042 -1 1506 2992 5076 5363 8259 #UTIL: 2088
157) 9488 #UTIL: 2084
158) 727 5998 -1 6178 8728 9177 -1 1486 3042 -1 1506 2992 5076 5363 7205 8259 #UTIL: 2083
159) 6698 -1 727 5998 -1 6178 8728 -1 1486 3042 -1 1506 2992 5076 5363 7205 8259 #UTIL: 2083
160) 6698 -1 727 5998 -1 8728 9177 -1 1486 3042 -1 1506 2992 5076 5363 7205 8259 #UTIL: 2083
161) 908 1696 1724 5979 #UTIL: 2082
162) 6698 -1 5998 -1 6178 8728 9177 -1 1486 3042 -1 1506 2992 5076 5363 7205 8259 #UTIL: 2081
163) 6698 -1 727 -1 6178 8728 9177 -1 1486 3042 -1 1506 2992 5076 5363 7205 8259 #UTIL: 2078
164) 727 5998 -1 6178 6404 8728 9177 -1 1486 3042 -1 1506 2992 5076 5363 8259 #UTIL: 2077
165) 6698 -1 727 5998 -1 6178 6404 8728 -1 1486 3042 -1 1506 2992 5076 5363 8259 #UTIL: 2077
166) 6698 -1 727 5998 -1 6404 8728 9177 -1 1486 3042 -1 1506 2992 5076 5363 8259 #UTIL: 2077
167) 6698 -1 5998 -1 6178 6404 8728 9177 -1 1486 3042 -1 1506 2992 5076 5363 8259 #UTIL: 2075
168) 6698 -1 727 5998 -1 6178 8728 9177 -1 1486 -1 1506 2992 5076 5363 7205 8259 #UTIL: 2075
169) 908 1724 9616 #UTIL: 2074
170) 6698 -1 727 5998 -1 6178 6404 8728 9177 -1 3042 -1 1506 2992 5076 5363 7205 8259 #UTIL: 2074
171) 6698 -1 727 5998 -1 6178 8728 9177 -1 3042 6158 -1 1506 2992 5076 5363 8259 #UTIL: 2074
172) 727 5998 -1 6178 6404 8728 -1 1486 3042 -1 1506 2992 5076 5363 7205 8259 #UTIL: 2072
173) 727 5998 -1 6178 8728 -1 1486 3042 6158 -1 1506 2992 5076 5363 8259 #UTIL: 2072
174) 727 5998 -1 6404 8728 9177 -1 1486 3042 -1 1506 2992 5076 5363 7205 8259 #UTIL: 2072
175) 727 5998 -1 8728 9177 -1 1486 3042 6158 -1 1506 2992 5076 5363 8259 #UTIL: 2072
176) 6698 -1 727 5998 -1 6404 8728 -1 1486 3042 -1 1506 2992 5076 5363 7205 8259 #UTIL: 2072
177) 6698 -1 727 5998 -1 8728 -1 1486 3042 6158 -1 1506 2992 5076 5363 8259 #UTIL: 2072
178) 6698 -1 727 -1 6178 6404 8728 9177 -1 1486 3042 -1 1506 2992 5076 5363 8259 #UTIL: 2072
179) 5998 -1 6178 6404 8728 9177 -1 1486 3042 -1 1506 2992 5076 5363 7205 8259 #UTIL: 2070
180) 5998 -1 6178 8728 9177 -1 1486 3042 6158 -1 1506 2992 5076 5363 8259 #UTIL: 2070
181) 6698 -1 5998 -1 6178 6404 8728 -1 1486 3042 -1 1506 2992 5076 5363 7205 8259 #UTIL: 2070
182) 6698 -1 5998 -1 6178 8728 -1 1486 3042 6158 -1 1506 2992 5076 5363 8259 #UTIL: 2070
183) 6698 -1 5998 -1 6404 8728 9177 -1 1486 3042 -1 1506 2992 5076 5363 7205 8259 #UTIL: 2070
184) 6698 -1 5998 -1 8728 9177 -1 1486 3042 6158 -1 1506 2992 5076 5363 8259 #UTIL: 2070
185) 727 5998 -1 6178 8728 9177 -1 3042 6158 -1 1506 2992 5076 5363 7205 8259 #UTIL: 2069
186) 6698 -1 727 5998 -1 6178 6404 8728 9177 -1 1486 -1 1506 2992 5076 5363 8259 #UTIL: 2069
187) 6698 -1 727 5998 -1 6178 8728 -1 3042 6158 -1 1506 2992 5076 5363 7205 8259 #UTIL: 2069
188) 6698 -1 727 5998 -1 8728 9177 -1 3042 6158 -1 1506 2992 5076 5363 7205 8259 #UTIL: 2069
189) 727 5998 -1 8728 -1 1486 3042 6158 -1 1506 2992 5076 5363 7205 8259 #UTIL: 2067
190) 727 -1 6178 6404 8728 9177 -1 1486 3042 -1 1506 2992 5076 5363 7205 8259 #UTIL: 2067
191) 727 -1 6178 8728 9177 -1 1486 3042 6158 -1 1506 2992 5076 5363 8259 #UTIL: 2067
192) 6698 -1 5998 -1 6178 8728 9177 -1 3042 6158 -1 1506 2992 5076 5363 7205 8259 #UTIL: 2067
193) 6698 -1 727 -1 6178 6404 8728 -1 1486 3042 -1 1506 2992 5076 5363 7205 8259 #UTIL: 2067
194) 6698 -1 727 -1 6178 8728 -1 1486 3042 6158 -1 1506 2992 5076 5363 8259 #UTIL: 2067
195) 6698 -1 727 -1 6404 8728 9177 -1 1486 3042 -1 1506 2992 5076 5363 7205 8259 #UTIL: 2067
196) 6698 -1 727 -1 8728 9177 -1 1486 3042 6158 -1 1506 2992 5076 5363 8259 #UTIL: 2067
197) 5998 -1 8728 9177 -1 1486 3042 6158 -1 1506 2992 5076 5363 7205 8259 #UTIL: 2065
198) 5998 -1 6178 8728 -1 1486 3042 6158 -1 1506 2992 5076 5363 7205 8259 #UTIL: 2065
199) 6698 -1 6178 6404 8728 9177 -1 1486 3042 -1 1506 2992 5076 5363 7205 8259 #UTIL: 2065
200) 6698 -1 6178 8728 9177 -1 1486 3042 6158 -1 1506 2992 5076 5363 8259 #UTIL: 2065
201) 6698 -1 5998 -1 8728 -1 1486 3042 6158 -1 1506 2992 5076 5363 7205 8259 #UTIL: 2065
202) 727 5998 -1 6178 6404 8728 9177 -1 1486 -1 1506 2992 5076 5363 7205 8259 #UTIL: 2064
203) 727 5998 -1 6178 8728 9177 -1 1486 6158 -1 1506 2992 5076 5363 8259 #UTIL: 2064
204) 6698 -1 727 5998 -1 6178 6404 8728 -1 1486 -1 1506 2992 5076 5363 7205 8259 #UTIL: 2064
205) 6698 -1 727 5998 -1 6178 8728 -1 1486 6158 -1 1506 2992 5076 5363 8259 #UTIL: 2064
206) 6698 -1 727 5998 -1 6404 8728 9177 -1 1486 -1 1506 2992 5076 5363 7205 8259 #UTIL: 2064
207) 6698 -1 727 5998 -1 8728 9177 -1 1486 6158 -1 1506 2992 5076 5363 8259 #UTIL: 2064
208) 6698 -1 727 -1 6178 8728 9177 -1 3042 6158 -1 1506 2992 5076 5363 7205 8259 #UTIL: 2064
209) 727 5998 -1 6178 6404 8728 9177 -1 3042 6158 -1 1506 2992 5076 5363 8259 #UTIL: 2063
210) 6698 -1 727 5998 -1 6178 6404 8728 -1 3042 6158 -1 1506 2992 5076 5363 8259 #UTIL: 2063
211) 6698 -1 727 5998 -1 6404 8728 9177 -1 3042 6158 -1 1506 2992 5076 5363 8259 #UTIL: 2063
212) 727 -1 6178 8728 -1 1486 3042 6158 -1 1506 2992 5076 5363 7205 8259 #UTIL: 2062
213) 727 -1 8728 9177 -1 1486 3042 6158 -1 1506 2992 5076 5363 7205 8259 #UTIL: 2062
214) 6698 -1 5998 -1 6178 6404 8728 9177 -1 1486 -1 1506 2992 5076 5363 7205 8259 #UTIL: 2062
215) 6698 -1 5998 -1 6178 8728 9177 -1 1486 6158 -1 1506 2992 5076 5363 8259 #UTIL: 2062
216) 6698 -1 727 -1 8728 -1 1486 3042 6158 -1 1506 2992 5076 5363 7205 8259 #UTIL: 2062
217) 727 5998 -1 6404 8728 -1 1486 3042 6158 -1 1506 2992 5076 5363 8259 #UTIL: 2061
218) 6698 -1 5998 -1 6178 6404 8728 9177 -1 3042 6158 -1 1506 2992 5076 5363 8259 #UTIL: 2061
219) 6698 -1 727 5998 -1 6178 8728 9177 -1 6158 -1 1506 2992 5076 5363 7205 8259 #UTIL: 2061
220) 1161 #UTIL: 2060
221) 6178 8728 9177 -1 1486 3042 6158 -1 1506 2992 5076 5363 7205 8259 #UTIL: 2060
222) 6698 -1 6178 8728 -1 1486 3042 6158 -1 1506 2992 5076 5363 7205 8259 #UTIL: 2060
223) 6698 -1 727 5998 -1 6178 6404 8728 9177 -1 1486 3042 -1 1506 5076 5363 7205 8259 #UTIL: 2060
224) 6698 -1 727 5998 -1 6178 8728 9177 -1 1486 3042 6158 -1 1506 5076 5363 8259 #UTIL: 2060
225) 6698 -1 8728 9177 -1 1486 3042 6158 -1 1506 2992 5076 5363 7205 8259 #UTIL: 2060
226) 727 5998 -1 6178 8728 -1 1486 6158 -1 1506 2992 5076 5363 7205 8259 #UTIL: 2059
227) 727 5998 -1 8728 9177 -1 1486 6158 -1 1506 2992 5076 5363 7205 8259 #UTIL: 2059
228) 5998 -1 6404 8728 9177 -1 1486 3042 6158 -1 1506 2992 5076 5363 8259 #UTIL: 2059
229) 5998 -1 6178 6404 8728 -1 1486 3042 6158 -1 1506 2992 5076 5363 8259 #UTIL: 2059
230) 6698 -1 5998 -1 6404 8728 -1 1486 3042 6158 -1 1506 2992 5076 5363 8259 #UTIL: 2059
231) 6698 -1 727 5998 -1 8728 -1 1486 6158 -1 1506 2992 5076 5363 7205 8259 #UTIL: 2059
232) 6698 -1 727 -1 6178 6404 8728 9177 -1 1486 -1 1506 2992 5076 5363 7205 8259 #UTIL: 2059
233) 6698 -1 727 -1 6178 8728 9177 -1 1486 6158 -1 1506 2992 5076 5363 8259 #UTIL: 2059
234) 727 5998 -1 6178 6404 8728 -1 3042 6158 -1 1506 2992 5076 5363 7205 8259 #UTIL: 2058
235) 727 5998 -1 6404 8728 9177 -1 3042 6158 -1 1506 2992 5076 5363 7205 8259 #UTIL: 2058
236) 6698 -1 727 5998 -1 6404 8728 -1 3042 6158 -1 1506 2992 5076 5363 7205 8259 #UTIL: 2058
237) 6698 -1 727 -1 6178 6404 8728 9177 -1 3042 6158 -1 1506 2992 5076 5363 8259 #UTIL: 2058
238) 5998 -1 6178 8728 9177 -1 1486 6158 -1 1506 2992 5076 5363 7205 8259 #UTIL: 2057
239) 6698 -1 5998 -1 6178 8728 -1 1486 6158 -1 1506 2992 5076 5363 7205 8259 #UTIL: 2057
240) 6698 -1 5998 -1 8728 9177 -1 1486 6158 -1 1506 2992 5076 5363 7205 8259 #UTIL: 2057
241) 727 -1 6178 6404 8728 -1 1486 3042 6158 -1 1506 2992 5076 5363 8259 #UTIL: 2056
242) 727 -1 6404 8728 9177 -1 1486 3042 6158 -1 1506 2992 5076 5363 8259 #UTIL: 2056
243) 5998 -1 6178 6404 8728 9177 -1 3042 6158 -1 1506 2992 5076 5363 7205 8259 #UTIL: 2056
244) 6698 -1 5998 -1 6178 6404 8728 -1 3042 6158 -1 1506 2992 5076 5363 7205 8259 #UTIL: 2056
245) 6698 -1 5998 -1 6404 8728 9177 -1 3042 6158 -1 1506 2992 5076 5363 7205 8259 #UTIL: 2056
246) 6698 -1 727 -1 6404 8728 -1 1486 3042 6158 -1 1506 2992 5076 5363 8259 #UTIL: 2056
247) 727 5998 -1 6178 8728 9177 -1 1486 3042 6158 -1 1506 5076 5363 7205 8259 #UTIL: 2055
248) 6698 -1 727 5998 -1 6178 6404 8728 9177 -1 6158 -1 1506 2992 5076 5363 8259 #UTIL: 2055
249) 6698 -1 727 5998 -1 6178 8728 9177 -1 1486 3042 6158 -1 2992 5076 5363 7205 8259 #UTIL: 2055
250) 6698 -1 727 5998 -1 6178 8728 -1 1486 3042 6158 -1 1506 5076 5363 7205 8259 #UTIL: 2055
251) 6698 -1 727 5998 -1 8728 9177 -1 1486 3042 6158 -1 1506 5076 5363 7205 8259 #UTIL: 2055
252) 727 -1 6178 8728 9177 -1 1486 6158 -1 1506 2992 5076 5363 7205 8259 #UTIL: 2054
253) 5998 -1 6404 8728 -1 1486 3042 6158 -1 1506 2992 5076 5363 7205 8259 #UTIL: 2054
254) 6178 6404 8728 9177 -1 1486 3042 6158 -1 1506 2992 5076 5363 8259 #UTIL: 2054
255) 6698 -1 6178 6404 8728 -1 1486 3042 6158 -1 1506 2992 5076 5363 8259 #UTIL: 2054
256) 6698 -1 6404 8728 9177 -1 1486 3042 6158 -1 1506 2992 5076 5363 8259 #UTIL: 2054
257) 6698 -1 727 -1 6178 8728 -1 1486 6158 -1 1506 2992 5076 5363 7205 8259 #UTIL: 2054
258) 6698 -1 727 -1 8728 9177 -1 1486 6158 -1 1506 2992 5076 5363 7205 8259 #UTIL: 2054
259) 727 5998 -1 6178 6404 8728 -1 1486 6158 -1 1506 2992 5076 5363 8259 #UTIL: 2053
260) 727 5998 -1 6404 8728 9177 -1 1486 6158 -1 1506 2992 5076 5363 8259 #UTIL: 2053
261) 727 -1 6178 6404 8728 9177 -1 3042 6158 -1 1506 2992 5076 5363 7205 8259 #UTIL: 2053
262) 6698 -1 5998 -1 6178 8728 9177 -1 1486 3042 6158 -1 1506 5076 5363 7205 8259 #UTIL: 2053
263) 6698 -1 727 5998 -1 6404 8728 -1 1486 6158 -1 1506 2992 5076 5363 8259 #UTIL: 2053
264) 6698 -1 727 -1 6178 6404 8728 -1 3042 6158 -1 1506 2992 5076 5363 7205 8259 #UTIL: 2053
265) 6698 -1 727 -1 6404 8728 9177 -1 3042 6158 -1 1506 2992 5076 5363 7205 8259 #UTIL: 2053
266) 6698 -1 6178 8728 9177 -1 1486 6158 -1 1506 2992 5076 5363 7205 8259 #UTIL: 2052
267) 6698 -1 727 5998 -1 6178 8728 9177 -1 1486 3042 6158 -1 1506 2992 5076 5363 7205 #UTIL: 2052
268) 727 -1 6404 8728 -1 1486 3042 6158 -1 1506 2992 5076 5363 7205 8259 #UTIL: 2051
269) 5998 -1 6178 6404 8728 9177 -1 1486 6158 -1 1506 2992 5076 5363 8259 #UTIL: 2051
270) 6698 -1 6178 6404 8728 9177 -1 3042 6158 -1 1506 2992 5076 5363 7205 8259 #UTIL: 2051
271) 6698 -1 5998 -1 6178 6404 8728 -1 1486 6158 -1 1506 2992 5076 5363 8259 #UTIL: 2051
272) 6698 -1 5998 -1 6404 8728 9177 -1 1486 6158 -1 1506 2992 5076 5363 8259 #UTIL: 2051
273) 727 5998 -1 6178 6404 8728 9177 -1 6158 -1 1506 2992 5076 5363 7205 8259 #UTIL: 2050
274) 6698 -1 727 5998 -1 6178 6404 8728 -1 6158 -1 1506 2992 5076 5363 7205 8259 #UTIL: 2050
275) 6698 -1 727 5998 -1 6404 8728 9177 -1 6158 -1 1506 2992 5076 5363 7205 8259 #UTIL: 2050
276) 6698 -1 727 -1 6178 8728 9177 -1 1486 3042 6158 -1 1506 5076 5363 7205 8259 #UTIL: 2050
277) 727 5998 -1 6178 6404 8728 9177 -1 1486 3042 6158 -1 1506 5076 5363 8259 #UTIL: 2049
278) 6178 6404 8728 -1 1486 3042 6158 -1 1506 2992 5076 5363 7205 8259 #UTIL: 2049
279) 6404 8728 9177 -1 1486 3042 6158 -1 1506 2992 5076 5363 7205 8259 #UTIL: 2049
280) 6698 -1 6404 8728 -1 1486 3042 6158 -1 1506 2992 5076 5363 7205 8259 #UTIL: 2049
281) 6698 -1 727 5998 -1 6178 6404 8728 9177 -1 1486 3042 6158 -1 2992 5076 5363 8259 #UTIL: 2049
282) 6698 -1 727 5998 -1 6178 6404 8728 -1 1486 3042 6158 -1 1506 5076 5363 8259 #UTIL: 2049
283) 6698 -1 727 5998 -1 6404 8728 9177 -1 1486 3042 6158 -1 1506 5076 5363 8259 #UTIL: 2049
284) 727 5998 -1 6404 8728 -1 1486 6158 -1 1506 2992 5076 5363 7205 8259 #UTIL: 2048
285) 727 -1 6178 6404 8728 9177 -1 1486 6158 -1 1506 2992 5076 5363 8259 #UTIL: 2048
286) 6698 -1 5998 -1 6178 6404 8728 9177 -1 6158 -1 1506 2992 5076 5363 7205 8259 #UTIL: 2048
287) 6698 -1 727 5998 -1 6178 6404 9177 -1 1486 3042 6158 -1 1506 2992 5076 5363 7205 8259 #UTIL: 2048
288) 6698 -1 727 -1 6178 6404 8728 -1 1486 6158 -1 1506 2992 5076 5363 8259 #UTIL: 2048
289) 6698 -1 727 -1 6404 8728 9177 -1 1486 6158 -1 1506 2992 5076 5363 8259 #UTIL: 2048
290) 6698 -1 5998 -1 6178 6404 8728 9177 -1 1486 3042 6158 -1 1506 5076 5363 8259 #UTIL: 2047
291) 6698 -1 727 5998 -1 6178 8728 9177 -1 1486 6158 -1 1506 5076 5363 7205 8259 #UTIL: 2047
292) 5998 -1 6404 8728 9177 -1 1486 6158 -1 1506 2992 5076 5363 7205 8259 #UTIL: 2046
293) 5998 -1 6178 6404 8728 -1 1486 6158 -1 1506 2992 5076 5363 7205 8259 #UTIL: 2046
294) 6698 -1 6178 6404 8728 9177 -1 1486 6158 -1 1506 2992 5076 5363 8259 #UTIL: 2046
295) 6698 -1 5998 -1 6404 8728 -1 1486 6158 -1 1506 2992 5076 5363 7205 8259 #UTIL: 2046
296) 6698 -1 727 5998 -1 6178 6404 8728 9177 -1 3042 6158 -1 1506 5076 5363 7205 8259 #UTIL: 2046
297) 6698 -1 727 5998 -1 6178 6404 8728 9177 -1 1486 3042 6158 -1 1506 2992 5076 5363 #UTIL: 2046
298) 6698 -1 727 -1 6178 6404 8728 9177 -1 6158 -1 1506 2992 5076 5363 7205 8259 #UTIL: 2045
299) 727 5998 -1 6178 6404 8728 9177 -1 1486 3042 6158 -1 2992 5076 5363 7205 8259 #UTIL: 2044
300) 727 5998 -1 6178 6404 8728 -1 1486 3042 6158 -1 1506 5076 5363 7205 8259 #UTIL: 2044
