1) 2154 #UTIL: 4920
2) 91 #UTIL: 4504
3) 8032 #UTIL: 4018
4) 2541 #UTIL: 4014
5) 1017 #UTIL: 4002
6) 5462 #UTIL: 3960
7) 3900 #UTIL: 3456
8) 9910 #UTIL: 3339
9) 127 #UTIL: 3073
10) 6018 #UTIL: 3012
11) 2077 #UTIL: 2885
12) 3278 #UTIL: 2824
13) 2072 #UTIL: 2808
14) 45 #UTIL: 2736
15) 8052 #UTIL: 2721
16) 1734 #UTIL: 2672
17) 9693 #UTIL: 2513
18) 1724 #UTIL: 2502
19) 2660 #UTIL: 2432
20) 8585 #UTIL: 2430
21) 9170 #UTIL: 2430
22) 1849 #UTIL: 2415
23) 3789 6018 8212 8365 9851 #UTIL: 2349
24) 908 1696 1724 5979 9616 #UTIL: 2338
25) 6467 #UTIL: 2324
26) 6698 -1 727 5998 -1 6178 6404 8728 9177 -1 1486 3042 6158 -1 1506 2992 5076 5363 7205 8259 #UTIL: 2320
27) 5598 #UTIL: 2317
28) 6698 -1 727 5998 -1 6178 8728 9177 -1 1486 3042 6158 -1 1506 2992 5076 5363 7205 8259 #UTIL: 2265
29) 6698 -1 727 5998 -1 6178 6404 8728 9177 -1 1486 3042 6158 -1 1506 2992 5076 5363 8259 #UTIL: 2259
30) 727 5998 -1 6178 6404 8728 9177 -1 1486 3042 6158 -1 1506 2992 5076 5363 7205 8259 #UTIL: 2254
31) 6698 -1 727 5998 -1 6178 6404 8728 -1 1486 3042 6158 -1 1506 2992 5076 5363 7205 8259 #UTIL: 2254
32) 6698 -1 727 5998 -1 6404 8728 9177 -1 1486 3042 6158 -1 1506 2992 5076 5363 7205 8259 #UTIL: 2254
33) 6698 -1 5998 -1 6178 6404 8728 9177 -1 1486 3042 6158 -1 1506 2992 5076 5363 7205 8259 #UTIL: 2252
34) 6698 -1 727 -1 6178 6404 8728 9177 -1 1486 3042 6158 -1 1506 2992 5076 5363 7205 8259 #UTIL: 2249
35) 6698 -1 727 5998 -1 6178 6404 8728 9177 -1 1486 6158 -1 1506 2992 5076 5363 7205 8259 #UTIL: 2246
36) 4429 #UTIL: 2230
37) 908 1724 5979 9616 #UTIL: 2208
38) 908 1696 1724 9616 #UTIL: 2204
39) 6698 -1 727 5998 -1 6178 6404 8728 9177 -1 1486 3042 -1 1506 2992 5076 5363 7205 8259 #UTIL: 2204
40) 6698 -1 727 5998 -1 6178 8728 9177 -1 1486 3042 6158 -1 1506 2992 5076 5363 8259 #UTIL: 2204
41) 727 5998 -1 6178 8728 9177 -1 1486 3042 6158 -1 1506 2992 5076 5363 7205 8259 #UTIL: 2199
42) 6698 -1 727 5998 -1 6178 8728 -1 1486 3042 6158 -1 1506 2992 5076 5363 7205 8259 #UTIL: 2199
43) 6698 -1 727 5998 -1 8728 9177 -1 1486 3042 6158 -1 1506 2992 5076 5363 7205 8259 #UTIL: 2199
44) 6698 -1 5998 -1 6178 8728 9177 -1 1486 3042 6158 -1 1506 2992 5076 5363 7205 8259 #UTIL: 2197
45) 6698 -1 727 -1 6178 8728 9177 -1 1486 3042 6158 -1 1506 2992 5076 5363 7205 8259 #UTIL: 2194
46) 727 5998 -1 6178 6404 8728 9177 -1 1486 3042 6158 -1 1506 2992 5076 5363 8259 #UTIL: 2193
47) 6698 -1 727 5998 -1 6178 6404 8728 -1 1486 3042 6158 -1 1506 2992 5076 5363 8259 #UTIL: 2193
48) 6698 -1 727 5998 -1 6404 8728 9177 -1 1486 3042 6158 -1 1506 2992 5076 5363 8259 #UTIL: 2193
49) 6698 -1 5998 -1 6178 6404 8728 9177 -1 1486 3042 6158 -1 1506 2992 5076 5363 8259 #UTIL: 2191
50) 6698 -1 727 5998 -1 6178 8728 9177 -1 1486 6158 -1 1506 2992 5076 5363 7205 8259 #UTIL: 2191