1) 147 -1 68 #UTIL: 492516
2) 155 -1 147 -1 68 #UTIL: 481870
3) 147 -1 18 -1 68 #UTIL: 471490
4) 147 -1 44 -1 68 #UTIL: 467088
5) 147 -1 31 -1 68 #UTIL: 453404
6) 155 -1 147 -1 67 #UTIL: 446342
7) 2 -1 68 #UTIL: 445642
8) 18 -1 68 #UTIL: 441465
9) 155 -1 147 -1 18 -1 68 #UTIL: 440972
10) 147 -1 67 #UTIL: 439896
11) 155 -1 147 -1 44 -1 68 #UTIL: 436674
12) 147 -1 44 -1 24 #UTIL: 436155
13) 155 -1 18 -1 68 #UTIL: 434744
14) 147 -1 67 -1 68 #UTIL: 430954
15) 147 -1 68 -1 70 #UTIL: 430728
16) 2 -1 18 -1 68 #UTIL: 430632
17) 155 -1 68 #UTIL: 430504
18) 155 -1 147 -1 31 -1 68 #UTIL: 429257
19) 44 -1 68 #UTIL: 429116
20) 155 -1 147 -1 44 -1 24 #UTIL: 428729
21) 155 -1 44 -1 68 #UTIL: 427482
22) 147 -1 44 -1 67 #UTIL: 426884
23) 155 -1 147 -1 70 #UTIL: 426824
24) 147 -1 44 -1 70 #UTIL: 426118
25) 147 -1 8 -1 68 #UTIL: 423590
26) 147 -1 18 -1 70 #UTIL: 421969
27) 147 -1 18 -1 67 #UTIL: 421689
28) 147 -1 67 -1 70 #UTIL: 421234
29) 147 -1 70 #UTIL: 421158
30) 2 -1 31 -1 68 #UTIL: 420602
31) 147 -1 68 -1 181 #UTIL: 419715
32) 155 -1 2 -1 68 #UTIL: 419398
33) 147 -1 31 -1 70 #UTIL: 419082
34) 147 -1 30 -1 68 #UTIL: 418482
35) 155 -1 31 -1 68 #UTIL: 415749
36) 18 -1 70 #UTIL: 413504
37) 2 -1 44 -1 68 #UTIL: 410360
38) 31 -1 68 #UTIL: 410290
39) 155 -1 147 -1 44 #UTIL: 409028
40) 155 -1 147 -1 44 -1 67 #UTIL: 408856
41) 155 -1 147 -1 68 -1 181 #UTIL: 408021
42) 67 -1 68 #UTIL: 407636
43) 155 -1 147 -1 31 -1 70 #UTIL: 406907
44) 155 -1 147 -1 44 -1 70 #UTIL: 406252
45) 2 -1 68 -1 70 #UTIL: 406120
46) 155 -1 147 -1 18 -1 70 #UTIL: 405921
47) 155 -1 147 -1 30 -1 68 #UTIL: 405828
48) 2 -1 67 -1 68 #UTIL: 405772
49) 155 -1 147 -1 68 -1 70 #UTIL: 405586
50) 155 -1 147 -1 18 -1 67 #UTIL: 405578
51) 155 -1 147 -1 67 -1 68 #UTIL: 405374
52) 155 -1 147 -1 67 -1 70 #UTIL: 405092
53) 48 -1 147 -1 68 #UTIL: 404356
54) 147 -1 13 -1 68 #UTIL: 404026
55) 68 -1 70 #UTIL: 403580
56) 2 -1 67 #UTIL: 402564
57) 147 -1 44 -1 14 #UTIL: 401378
58) 2 -1 67 -1 70 #UTIL: 399620
59) 155 -1 147 -1 44 -1 14 #UTIL: 397530
60) 155 -1 68 -1 70 #UTIL: 397382
61) 147 -1 44 #UTIL: 397296
62) 155 -1 147 -1 8 -1 68 #UTIL: 396364
63) 155 -1 147 -1 24 #UTIL: 396204
64) 48 -1 45 #UTIL: 394862
65) 155 -1 67 -1 68 #UTIL: 394756
66) 147 -1 68 -1 117 #UTIL: 391418
67) 2 -1 68 -1 181 #UTIL: 391162
68) 147 -1 131 -1 68 #UTIL: 391134
69) 155 -1 147 -1 13 -1 68 #UTIL: 390694
70) 45 -1 147 -1 68 #UTIL: 390078
71) 155 -1 8 -1 68 #UTIL: 389562
72) 147 -1 31 -1 67 #UTIL: 388691
73) 155 -1 44 -1 67 #UTIL: 388594
74) 2 -1 31 -1 70 #UTIL: 388422
75) 155 -1 18 -1 67 #UTIL: 388175
76) 155 -1 2 -1 18 -1 68 #UTIL: 387708
77) 155 -1 18 -1 70 #UTIL: 387071
78) 155 -1 44 -1 70 #UTIL: 386986
79) 2 -1 18 -1 67 #UTIL: 386894
80) 18 -1 67 #UTIL: 385851
81) 155 -1 147 -1 8 -1 24 #UTIL: 385337
82) 18 -1 68 -1 70 #UTIL: 385331
83) 155 -1 67 -1 70 #UTIL: 385156
84) 155 -1 2 -1 67 #UTIL: 385028
85) 147 -1 8 -1 24 #UTIL: 384706
86) 147 -1 8 -1 67 #UTIL: 384702
87) 155 -1 147 -1 68 -1 117 #UTIL: 384494
88) 67 -1 70 #UTIL: 383792
89) 155 -1 68 -1 181 #UTIL: 383559
90) 147 -1 18 -1 68 -1 181 #UTIL: 383354
91) 155 -1 2 -1 31 -1 68 #UTIL: 383139
92) 147 -1 50 -1 68 #UTIL: 382891
93) 147 -1 90 -1 68 #UTIL: 382632
94) 155 -1 44 -1 24 #UTIL: 382085
95) 48 -1 45 -1 147 -1 68 #UTIL: 381745
96) 2 -1 18 -1 70 #UTIL: 381456
97) 155 -1 31 -1 70 #UTIL: 381202
98) 17 -1 45 -1 147 -1 68 #UTIL: 381177
99) 8 -1 68 #UTIL: 380976
100) 2 -1 30 -1 68 #UTIL: 380838
