1) 147 -1 68 #UTIL: 492516
2) 155 -1 147 -1 68 #UTIL: 481870
3) 147 -1 18 -1 68 #UTIL: 471490
4) 147 -1 44 -1 68 #UTIL: 467088
5) 147 -1 31 -1 68 #UTIL: 453404
6) 155 -1 147 -1 67 #UTIL: 446342
7) 2 -1 68 #UTIL: 445642
8) 18 -1 68 #UTIL: 441465
9) 155 -1 147 -1 18 -1 68 #UTIL: 440972
10) 147 -1 67 #UTIL: 439896
11) 155 -1 147 -1 44 -1 68 #UTIL: 436674
12) 147 -1 44 -1 24 #UTIL: 436155
13) 155 -1 18 -1 68 #UTIL: 434744
14) 147 -1 67 -1 68 #UTIL: 430954
15) 147 -1 68 -1 70 #UTIL: 430728
16) 2 -1 18 -1 68 #UTIL: 430632
17) 155 -1 68 #UTIL: 430504
18) 155 -1 147 -1 31 -1 68 #UTIL: 429257
19) 44 -1 68 #UTIL: 429116
20) 155 -1 147 -1 44 -1 24 #UTIL: 428729
