1) 8 -1 18 -1 8 #UTIL: 61549
2) 8 -1 18 #UTIL: 60626
3) 8 -1 8 #UTIL: 55168
4) 8 -1 8 -1 18 #UTIL: 54542
5) 18 -1 8 #UTIL: 52477
6) 8 -1 18 -1 8 -1 18 #UTIL: 52264
7) 18 -1 8 -1 18 #UTIL: 51014
8) 8 -1 8 -1 8 #UTIL: 49282
9) 8 -1 18 -1 8 -1 8 #UTIL: 48539
10) 8 -1 8 -1 18 -1 8 #UTIL: 47240
11) 18 -1 8 -1 8 #UTIL: 46676
12) 8 -1 18 -1 18 #UTIL: 46017
13) 8 #UTIL: 45296
14) 18 -1 8 -1 18 -1 8 #UTIL: 44147
15) 8 -1 18 -1 8 -1 18 -1 8 #UTIL: 42019
16) 8 -1 8 -1 8 -1 18 #UTIL: 41673
17) 18 -1 8 -1 8 -1 18 #UTIL: 39951
18) 8 -1 18 -1 8 -1 8 -1 18 #UTIL: 39400
19) 8 -1 18 -1 14 #UTIL: 39322
20) 8 -1 18 -1 18 -1 8 #UTIL: 39269
21) 8 -1 14 -1 8 #UTIL: 38612
22) 8 -1 14 #UTIL: 38421
23) 18 -1 18 #UTIL: 38355
24) 18 -1 18 -1 8 #UTIL: 38318
25) 71 -1 8 #UTIL: 37334
26) 8 -1 8 -1 8 -1 8 #UTIL: 37209
27) 8 -1 71 #UTIL: 37164
28) 71 -1 8 -1 18 #UTIL: 37028
29) 18 #UTIL: 36786
30) 8 -1 71 -1 8 #UTIL: 36130
31) 8 -1 18 -1 71 #UTIL: 35946
32) 8 -1 8 -1 18 -1 8 -1 18 #UTIL: 35752
33) 18 -1 8 -1 8 -1 8 #UTIL: 35445
34) 14 -1 8 #UTIL: 35365
35) 8 -1 18 -1 8 -1 8 -1 8 #UTIL: 34897
36) 8 -1 18 -1 8 -1 14 #UTIL: 34676
37) 8 -1 8 -1 14 #UTIL: 34654
38) 8 -1 18 -1 14 -1 8 #UTIL: 34592
39) 14 -1 8 -1 18 #UTIL: 34570
40) 8 -1 14 -1 18 #UTIL: 34092
41) 8 -1 8 -1 18 -1 18 #UTIL: 33918
42) 8 -1 8 -1 18 -1 8 -1 8 #UTIL: 33681
43) 18 -1 8 -1 18 -1 8 -1 18 #UTIL: 33630
44) 8 -1 8 -1 8 -1 18 -1 8 #UTIL: 33294
45) 8 -1 14 -1 8 -1 18 #UTIL: 33290
46) 29 -1 8 -1 18 #UTIL: 33077
47) 18 -1 8 -1 14 #UTIL: 33069
48) 17 -1 8 -1 18 #UTIL: 33061
49) 18 -1 8 -1 8 -1 18 -1 8 #UTIL: 32713
50) 18 -1 18 -1 8 -1 18 #UTIL: 32508
51) 29 -1 8 #UTIL: 32411
52) 18 -1 14 #UTIL: 32333
53) 17 -1 8 #UTIL: 32307
54) 18 -1 8 -1 18 -1 18 #UTIL: 32069
55) 18 -1 14 -1 8 #UTIL: 32044
56) 71 -1 8 -1 8 #UTIL: 31951
57) 8 -1 8 -1 71 #UTIL: 31925
58) 71 -1 8 -1 18 -1 8 #UTIL: 31371
59) 8 -1 18 -1 8 -1 8 -1 18 -1 8 #UTIL: 31207
60) 18 -1 8 -1 18 -1 8 -1 8 #UTIL: 31105
61) 8 -1 18 -1 71 -1 8 #UTIL: 31073
62) 8 -1 8 -1 14 -1 8 #UTIL: 31033
63) 14 -1 8 -1 8 #UTIL: 30897
64) 8 -1 18 -1 18 -1 8 -1 18 #UTIL: 30890
65) 8 -1 18 -1 8 -1 18 -1 8 -1 18 #UTIL: 30755
66) 8 -1 18 -1 8 -1 71 #UTIL: 30745
67) 71 -1 18 #UTIL: 30689
68) 18 -1 71 #UTIL: 30640
69) 14 -1 18 #UTIL: 30588
70) 8 -1 18 -1 14 -1 18 #UTIL: 30584
71) 8 -1 18 -1 8 -1 18 -1 18 #UTIL: 30472
72) 18 -1 71 -1 8 #UTIL: 30419
73) 18 -1 8 -1 71 #UTIL: 30393
74) 8 -1 71 -1 8 -1 18 #UTIL: 30345
75) 8 -1 8 -1 18 -1 14 #UTIL: 30211
76) 14 -1 18 -1 8 #UTIL: 29892
77) 21 -1 8 -1 18 #UTIL: 29756
78) 1 -1 1 -1 1 -1 8 -1 18 #UTIL: 29719
79) 14 -1 8 -1 18 -1 8 #UTIL: 29529
80) 71 -1 18 -1 8 #UTIL: 29529
81) 21 -1 8 #UTIL: 29475
82) 8 -1 18 -1 18 -1 18 #UTIL: 29335
83) 29 -1 8 -1 8 #UTIL: 29262
84) 18 -1 18 -1 8 -1 8 #UTIL: 29257
85) 8 -1 14 -1 18 -1 8 #UTIL: 29099
86) 8 -1 14 -1 8 -1 8 #UTIL: 28982
87) 8 -1 71 -1 18 #UTIL: 28921
88) 8 -1 18 -1 14 -1 8 -1 18 #UTIL: 28915
89) 18 -1 8 -1 14 -1 8 #UTIL: 28905
90) 8 -1 18 -1 8 -1 14 -1 8 #UTIL: 28836
91) 29 -1 8 -1 18 -1 8 #UTIL: 28596
92) 1 -1 1 -1 1 -1 18 #UTIL: 28486
93) 1 -1 1 -1 1 -1 8 #UTIL: 28435
94) 8 -1 18 -1 8 -1 18 -1 8 -1 8 #UTIL: 28339
95) 18 -1 14 -1 18 #UTIL: 28308
96) 17 -1 8 -1 18 -1 8 #UTIL: 28175
97) 8 -1 8 -1 8 -1 8 -1 18 #UTIL: 28164
98) 8 -1 8 -1 18 -1 8 -1 18 -1 8 #UTIL: 28158
99) 18 -1 14 -1 8 -1 18 #UTIL: 28138
100) 18 -1 8 -1 18 -1 14 #UTIL: 27875