1) 8 -1 18 -1 8 #UTIL: 61549
2) 8 -1 18 #UTIL: 60626
3) 8 -1 8 #UTIL: 55168
4) 8 -1 8 -1 18 #UTIL: 54542
5) 18 -1 8 #UTIL: 52477
6) 8 -1 18 -1 8 -1 18 #UTIL: 52264
7) 18 -1 8 -1 18 #UTIL: 51014
8) 8 -1 8 -1 8 #UTIL: 49282
9) 8 -1 18 -1 8 -1 8 #UTIL: 48539
10) 8 -1 8 -1 18 -1 8 #UTIL: 47240
11) 18 -1 8 -1 8 #UTIL: 46676
12) 8 -1 18 -1 18 #UTIL: 46017
13) 8 #UTIL: 45296
14) 18 -1 8 -1 18 -1 8 #UTIL: 44147
15) 8 -1 18 -1 8 -1 18 -1 8 #UTIL: 42019
16) 8 -1 8 -1 8 -1 18 #UTIL: 41673
17) 18 -1 8 -1 8 -1 18 #UTIL: 39951
18) 8 -1 18 -1 8 -1 8 -1 18 #UTIL: 39400
19) 8 -1 18 -1 14 #UTIL: 39322
20) 8 -1 18 -1 18 -1 8 #UTIL: 39269
21) 8 -1 14 -1 8 #UTIL: 38612
22) 8 -1 14 #UTIL: 38421
23) 18 -1 18 #UTIL: 38355
24) 18 -1 18 -1 8 #UTIL: 38318
25) 71 -1 8 #UTIL: 37334
26) 8 -1 8 -1 8 -1 8 #UTIL: 37209
27) 8 -1 71 #UTIL: 37164
28) 71 -1 8 -1 18 #UTIL: 37028
29) 18 #UTIL: 36786
30) 8 -1 71 -1 8 #UTIL: 36130
31) 8 -1 18 -1 71 #UTIL: 35946
32) 8 -1 8 -1 18 -1 8 -1 18 #UTIL: 35752
33) 18 -1 8 -1 8 -1 8 #UTIL: 35445
34) 14 -1 8 #UTIL: 35365
35) 8 -1 18 -1 8 -1 8 -1 8 #UTIL: 34897
36) 8 -1 18 -1 8 -1 14 #UTIL: 34676
37) 8 -1 8 -1 14 #UTIL: 34654
38) 8 -1 18 -1 14 -1 8 #UTIL: 34592
39) 14 -1 8 -1 18 #UTIL: 34570
40) 8 -1 14 -1 18 #UTIL: 34092
41) 8 -1 8 -1 18 -1 18 #UTIL: 33918
42) 8 -1 8 -1 18 -1 8 -1 8 #UTIL: 33681
43) 18 -1 8 -1 18 -1 8 -1 18 #UTIL: 33630
44) 8 -1 8 -1 8 -1 18 -1 8 #UTIL: 33294
45) 8 -1 14 -1 8 -1 18 #UTIL: 33290
46) 29 -1 8 -1 18 #UTIL: 33077
47) 18 -1 8 -1 14 #UTIL: 33069
48) 17 -1 8 -1 18 #UTIL: 33061
49) 18 -1 8 -1 8 -1 18 -1 8 #UTIL: 32713
50) 18 -1 18 -1 8 -1 18 #UTIL: 32508
51) 29 -1 8 #UTIL: 32411
52) 18 -1 14 #UTIL: 32333
53) 17 -1 8 #UTIL: 32307
54) 18 -1 8 -1 18 -1 18 #UTIL: 32069
55) 18 -1 14 -1 8 #UTIL: 32044
56) 71 -1 8 -1 8 #UTIL: 31951
57) 8 -1 8 -1 71 #UTIL: 31925
58) 71 -1 8 -1 18 -1 8 #UTIL: 31371
59) 8 -1 18 -1 8 -1 8 -1 18 -1 8 #UTIL: 31207
60) 18 -1 8 -1 18 -1 8 -1 8 #UTIL: 31105
61) 8 -1 18 -1 71 -1 8 #UTIL: 31073
62) 8 -1 8 -1 14 -1 8 #UTIL: 31033
63) 14 -1 8 -1 8 #UTIL: 30897
64) 8 -1 18 -1 18 -1 8 -1 18 #UTIL: 30890
65) 8 -1 18 -1 8 -1 18 -1 8 -1 18 #UTIL: 30755
66) 8 -1 18 -1 8 -1 71 #UTIL: 30745
67) 71 -1 18 #UTIL: 30689
68) 18 -1 71 #UTIL: 30640
69) 14 -1 18 #UTIL: 30588
70) 8 -1 18 -1 14 -1 18 #UTIL: 30584
71) 8 -1 18 -1 8 -1 18 -1 18 #UTIL: 30472
72) 18 -1 71 -1 8 #UTIL: 30419
73) 18 -1 8 -1 71 #UTIL: 30393
74) 8 -1 71 -1 8 -1 18 #UTIL: 30345
75) 8 -1 8 -1 18 -1 14 #UTIL: 30211
76) 14 -1 18 -1 8 #UTIL: 29892
77) 21 -1 8 -1 18 #UTIL: 29756
78) 1 -1 1 -1 1 -1 8 -1 18 #UTIL: 29719
79) 14 -1 8 -1 18 -1 8 #UTIL: 29529
80) 71 -1 18 -1 8 #UTIL: 29529
81) 21 -1 8 #UTIL: 29475
82) 8 -1 18 -1 18 -1 18 #UTIL: 29335
83) 29 -1 8 -1 8 #UTIL: 29262
84) 18 -1 18 -1 8 -1 8 #UTIL: 29257
85) 8 -1 14 -1 18 -1 8 #UTIL: 29099
86) 8 -1 14 -1 8 -1 8 #UTIL: 28982
87) 8 -1 71 -1 18 #UTIL: 28921
88) 8 -1 18 -1 14 -1 8 -1 18 #UTIL: 28915
89) 18 -1 8 -1 14 -1 8 #UTIL: 28905
90) 8 -1 18 -1 8 -1 14 -1 8 #UTIL: 28836
91) 29 -1 8 -1 18 -1 8 #UTIL: 28596
92) 1 -1 1 -1 1 -1 18 #UTIL: 28486
93) 1 -1 1 -1 1 -1 8 #UTIL: 28435
94) 8 -1 18 -1 8 -1 18 -1 8 -1 8 #UTIL: 28339
95) 18 -1 14 -1 18 #UTIL: 28308
96) 17 -1 8 -1 18 -1 8 #UTIL: 28175
97) 8 -1 8 -1 8 -1 8 -1 18 #UTIL: 28164
98) 8 -1 8 -1 18 -1 8 -1 18 -1 8 #UTIL: 28158
99) 18 -1 14 -1 8 -1 18 #UTIL: 28138
100) 18 -1 8 -1 18 -1 14 #UTIL: 27875
101) 18 -1 18 -1 18 #UTIL: 27834
102) 8 -1 18 -1 18 -1 8 -1 8 #UTIL: 27810
103) 17 -1 18 -1 8 #UTIL: 27796
104) 17 -1 18 #UTIL: 27757
105) 17 -1 8 -1 8 #UTIL: 27755
106) 8 -1 29 -1 8 #UTIL: 27680
107) 8 -1 17 -1 8 #UTIL: 27513
108) 8 -1 17 #UTIL: 27489
109) 8 -1 8 -1 14 -1 18 #UTIL: 27457
110) 1 -1 1 -1 8 -1 18 #UTIL: 27413
111) 18 -1 8 -1 8 -1 8 -1 18 #UTIL: 27330
112) 8 -1 8 -1 18 -1 18 -1 8 #UTIL: 27301
113) 8 -1 8 -1 71 -1 8 #UTIL: 27299
114) 8 -1 29 #UTIL: 27256
115) 8 -1 21 -1 8 #UTIL: 27124
116) 21 -1 8 -1 8 #UTIL: 27104
117) 71 #UTIL: 27103
118) 29 -1 18 -1 8 #UTIL: 27050
119) 8 -1 8 -1 8 -1 14 #UTIL: 27039
120) 8 -1 8 -1 8 -1 8 -1 8 #UTIL: 27037
121) 18 -1 18 -1 8 -1 18 -1 8 #UTIL: 26943
122) 18 -1 8 -1 18 -1 8 -1 18 -1 8 #UTIL: 26860
123) 1 -1 1 -1 1 -1 18 -1 8 #UTIL: 26842
124) 8 -1 18 -1 8 -1 18 -1 14 #UTIL: 26807
125) 29 -1 18 #UTIL: 26704
126) 8 -1 18 -1 29 #UTIL: 26627
127) 21 -1 8 -1 18 -1 8 #UTIL: 26617
128) 18 -1 8 -1 18 -1 18 -1 8 #UTIL: 26329
129) 18 -1 71 -1 8 -1 18 #UTIL: 26319
130) 18 -1 8 -1 14 -1 18 #UTIL: 26315
131) 71 -1 8 -1 8 -1 18 #UTIL: 26303
132) 8 -1 71 -1 8 -1 8 #UTIL: 26175
133) 18 -1 8 -1 71 -1 8 #UTIL: 26102
134) 8 -1 18 -1 8 -1 14 -1 18 #UTIL: 25921
135) 8 -1 14 -1 8 -1 18 -1 8 #UTIL: 25736
136) 1 -1 1 -1 8 #UTIL: 25693
137) 8 -1 18 -1 8 -1 8 -1 8 -1 18 #UTIL: 25691
138) 8 -1 8 -1 18 -1 71 #UTIL: 25658
139) 1 -1 1 -1 18 #UTIL: 25557
140) 8 -1 8 -1 18 -1 8 -1 8 -1 18 #UTIL: 25556
141) 8 -1 18 -1 18 -1 14 #UTIL: 25500
142) 1 -1 1 -1 1 -1 8 -1 8 #UTIL: 25484
143) 14 #UTIL: 25454
144) 18 -1 8 -1 8 -1 14 #UTIL: 25334
145) 8 -1 8 -1 14 -1 8 -1 18 #UTIL: 25279
146) 8 -1 18 -1 17 #UTIL: 25237
147) 18 -1 8 -1 8 -1 8 -1 8 #UTIL: 25218
148) 8 -1 21 #UTIL: 25104
149) 8 -1 18 -1 8 -1 8 -1 14 #UTIL: 25086
150) 8 -1 18 -1 71 -1 8 -1 18 #UTIL: 24921
151) 8 -1 18 -1 71 -1 18 #UTIL: 24890
152) 8 -1 18 -1 18 -1 8 -1 18 -1 8 #UTIL: 24844
153) 14 -1 8 -1 8 -1 18 #UTIL: 24781
154) 1 -1 1 -1 18 -1 8 #UTIL: 24777
155) 1 -1 1 -1 1 -1 8 -1 18 -1 8 #UTIL: 24747
156) 8 -1 18 -1 21 #UTIL: 24740
157) 8 -1 18 -1 8 -1 71 -1 8 #UTIL: 24712
158) 18 -1 18 -1 18 -1 8 #UTIL: 24704
159) 8 -1 8 -1 18 -1 8 -1 14 #UTIL: 24691
160) 29 -1 8 -1 8 -1 18 #UTIL: 24617
161) 8 -1 18 -1 14 -1 18 -1 8 #UTIL: 24491
162) 71 -1 71 #UTIL: 24489
163) 21 -1 18 -1 8 #UTIL: 24425
164) 8 -1 18 -1 8 -1 18 -1 8 -1 18 -1 8 #UTIL: 24393
165) 8 -1 18 -1 8 -1 18 -1 18 -1 8 #UTIL: 24374
166) 8 -1 18 -1 14 -1 8 -1 8 #UTIL: 24362
167) 18 -1 14 -1 18 -1 8 #UTIL: 24357
168) 1 -1 1 -1 1 #UTIL: 24350
169) 8 -1 18 -1 8 -1 8 -1 8 -1 8 #UTIL: 24271
170) 18 -1 71 -1 18 #UTIL: 24241
171) 18 -1 8 -1 18 -1 71 #UTIL: 24170
172) 18 -1 18 -1 14 #UTIL: 24162
173) 8 -1 8 -1 18 -1 14 -1 8 #UTIL: 24130
174) 8 -1 17 -1 8 -1 18 #UTIL: 24021
175) 18 -1 8 -1 18 -1 8 -1 8 -1 18 #UTIL: 23989
176) 71 -1 8 -1 8 -1 8 #UTIL: 23963
177) 18 -1 18 -1 8 -1 8 -1 18 #UTIL: 23915
178) 8 -1 18 -1 18 -1 18 -1 8 #UTIL: 23888
179) 8 -1 71 -1 18 -1 8 #UTIL: 23882
180) 18 -1 14 -1 8 -1 8 #UTIL: 23863
181) 8 -1 14 -1 71 #UTIL: 23850
182) 1 -1 8 -1 18 #UTIL: 23759
183) 1 -1 1 -1 1 -1 18 -1 8 -1 18 #UTIL: 23692
184) 21 -1 18 #UTIL: 23622
185) 8 -1 71 -1 71 #UTIL: 23608
186) 18 -1 8 -1 14 -1 8 -1 18 #UTIL: 23591
187) 1 -1 1 -1 8 -1 8 #UTIL: 23558
188) 8 -1 8 -1 18 -1 8 -1 8 -1 8 #UTIL: 23481
189) 8 -1 18 -1 29 -1 8 #UTIL: 23476
190) 71 -1 8 -1 71 #UTIL: 23474
191) 14 -1 18 -1 8 -1 18 #UTIL: 23426
192) 8 -1 71 -1 8 -1 18 -1 8 #UTIL: 23419
193) 8 -1 18 -1 21 -1 8 #UTIL: 23335
194) 1 -1 1 -1 8 -1 18 -1 8 #UTIL: 23265
195) 8 -1 17 -1 18 #UTIL: 23265
196) 17 -1 8 -1 8 -1 18 #UTIL: 23262
197) 8 -1 21 -1 8 -1 18 #UTIL: 23236
198) 8 -1 29 -1 8 -1 18 #UTIL: 23007
199) 18 -1 8 -1 8 -1 18 -1 8 -1 18 #UTIL: 23004
200) 71 -1 8 -1 18 -1 8 -1 18 #UTIL: 22961
201) 1 -1 1 -1 1 -1 18 -1 18 #UTIL: 22929
202) 71 -1 71 -1 8 #UTIL: 22895
203) 18 -1 8 -1 18 -1 8 -1 14 #UTIL: 22883
204) 71 -1 18 -1 8 -1 18 #UTIL: 22875
205) 8 -1 14 -1 14 #UTIL: 22867
206) 8 -1 8 -1 8 -1 71 #UTIL: 22864
207) 8 -1 18 -1 8 -1 14 -1 8 -1 18 #UTIL: 22860
208) 17 -1 71 -1 8 #UTIL: 22859
209) 71 -1 14 #UTIL: 22828
210) 8 -1 8 -1 8 -1 18 -1 8 -1 18 #UTIL: 22819
211) 17 -1 71 #UTIL: 22776
212) 18 -1 8 -1 8 -1 18 -1 18 #UTIL: 22712
213) 14 -1 71 #UTIL: 22686
214) 8 -1 8 -1 8 -1 18 -1 18 #UTIL: 22683
215) 8 -1 8 -1 29 #UTIL: 22683
216) 29 -1 71 #UTIL: 22637
217) 17 -1 18 -1 8 -1 18 #UTIL: 22493
218) 18 -1 29 -1 8 #UTIL: 22478
219) 21 -1 8 -1 8 -1 18 #UTIL: 22471
220) 8 -1 18 -1 8 -1 18 -1 71 #UTIL: 22457
221) 71 -1 8 -1 18 -1 18 #UTIL: 22417
222) 1 -1 1 -1 1 -1 8 -1 8 -1 18 #UTIL: 22360
223) 8 -1 18 -1 17 -1 8 #UTIL: 22360
224) 18 -1 21 -1 8 #UTIL: 22322
225) 29 -1 71 -1 8 #UTIL: 22290
226) 8 -1 29 -1 18 #UTIL: 22285
227) 8 -1 8 -1 8 -1 8 -1 18 -1 8 #UTIL: 22252
228) 8 -1 8 -1 8 -1 14 -1 8 #UTIL: 22232
229) 18 -1 71 -1 8 -1 8 #UTIL: 22196
230) 8 -1 8 -1 14 -1 18 -1 8 #UTIL: 22140
231) 1 -1 1 -1 18 -1 8 -1 18 #UTIL: 22129
232) 8 -1 71 -1 14 #UTIL: 22107
233) 18 -1 14 -1 8 -1 18 -1 8 #UTIL: 22086
234) 8 -1 8 -1 17 #UTIL: 22084
235) 8 -1 18 -1 18 -1 8 -1 8 -1 18 #UTIL: 22075
236) 71 -1 14 -1 8 #UTIL: 22068
237) 18 -1 18 -1 8 -1 14 #UTIL: 22055
238) 71 -1 8 -1 14 #UTIL: 22000
239) 8 -1 8 -1 8 -1 18 -1 8 -1 8 #UTIL: 21983
240) 18 -1 8 -1 8 -1 71 #UTIL: 21971
241) 18 -1 17 -1 8 #UTIL: 21968
242) 18 -1 17 #UTIL: 21958
243) 14 -1 8 -1 8 -1 8 #UTIL: 21919
244) 18 -1 29 #UTIL: 21901
245) 29 -1 18 -1 8 -1 18 #UTIL: 21891
246) 29 -1 8 -1 8 -1 8 #UTIL: 21884
247) 18 -1 8 -1 18 -1 14 -1 8 #UTIL: 21839
248) 8 -1 14 -1 8 -1 8 -1 18 #UTIL: 21756
249) 8 -1 18 -1 14 -1 71 #UTIL: 21740
250) 18 -1 18 -1 71 #UTIL: 21709
251) 8 -1 18 -1 18 -1 71 #UTIL: 21693
252) 8 -1 8 -1 14 -1 8 -1 8 #UTIL: 21679
253) 17 #UTIL: 21676
254) 8 -1 8 -1 18 -1 14 -1 18 #UTIL: 21655
255) 8 -1 8 -1 21 #UTIL: 21629
256) 29 -1 8 -1 18 -1 8 -1 18 #UTIL: 21615
257) 8 -1 18 -1 14 -1 8 -1 18 -1 8 #UTIL: 21563
258) 18 -1 8 -1 8 -1 8 -1 18 -1 8 #UTIL: 21511
259) 14 -1 8 -1 18 -1 8 -1 18 #UTIL: 21492
260) 8 -1 18 -1 8 -1 29 #UTIL: 21465
261) 8 -1 8 -1 8 -1 18 -1 14 #UTIL: 21462
262) 8 -1 18 -1 8 -1 8 -1 18 -1 18 #UTIL: 21456
263) 1 -1 18 -1 8 #UTIL: 21449
264) 18 -1 18 -1 8 -1 8 -1 8 #UTIL: 21433
265) 18 -1 8 -1 18 -1 8 -1 8 -1 8 #UTIL: 21379
266) 18 -1 8 -1 8 -1 18 -1 8 -1 8 #UTIL: 21340
267) 8 -1 18 -1 8 -1 8 -1 71 #UTIL: 21333
268) 1 -1 8 #UTIL: 21321
269) 8 -1 18 -1 8 -1 18 -1 8 -1 8 -1 18 #UTIL: 21313
270) 8 -1 21 -1 18 #UTIL: 21274
271) 18 -1 8 -1 29 #UTIL: 21272
272) 8 -1 18 -1 8 -1 21 #UTIL: 21257
273) 14 -1 8 -1 14 #UTIL: 21197
274) 8 -1 18 -1 8 -1 8 -1 18 -1 8 -1 18 #UTIL: 21169
275) 14 -1 18 -1 8 -1 8 #UTIL: 21105
276) 18 -1 8 -1 17 #UTIL: 21093
277) 14 -1 71 -1 8 #UTIL: 21052
278) 8 -1 8 -1 71 -1 18 #UTIL: 21050
279) 71 -1 18 -1 8 -1 8 #UTIL: 20996
280) 29 #UTIL: 20988
281) 8 -1 18 -1 8 -1 17 #UTIL: 20985
282) 14 -1 14 #UTIL: 20965
283) 1 -1 1 -1 18 -1 18 #UTIL: 20962
284) 17 -1 8 -1 8 -1 8 #UTIL: 20958
285) 1 -1 1 -1 8 -1 8 -1 18 #UTIL: 20957
286) 8 -1 18 -1 8 -1 18 -1 8 -1 14 #UTIL: 20951
287) 29 -1 8 -1 18 -1 18 #UTIL: 20929
288) 18 -1 8 -1 14 -1 18 -1 8 #UTIL: 20927
289) 71 -1 18 -1 18 #UTIL: 20913
290) 8 -1 8 -1 71 -1 8 -1 18 #UTIL: 20897
291) 1 -1 8 -1 18 -1 8 #UTIL: 20830
292) 8 -1 18 -1 18 -1 8 -1 14 #UTIL: 20807
293) 8 -1 18 -1 71 -1 8 -1 8 #UTIL: 20753
294) 1 -1 1 -1 1 -1 8 -1 18 -1 18 #UTIL: 20740
295) 1 -1 1 #UTIL: 20715
296) 8 -1 14 -1 18 -1 8 -1 18 #UTIL: 20681
297) 8 -1 18 -1 71 -1 71 #UTIL: 20672
298) 8 -1 29 -1 8 -1 8 #UTIL: 20669
299) 14 -1 18 -1 18 #UTIL: 20662
300) 18 -1 8 -1 21 #UTIL: 20651
301) 18 -1 18 -1 14 -1 8 #UTIL: 20651
302) 17 -1 8 -1 18 -1 8 -1 18 #UTIL: 20650
303) 18 -1 8 -1 71 -1 18 #UTIL: 20644
304) 18 -1 71 -1 8 -1 18 -1 8 #UTIL: 20635
305) 1 -1 18 #UTIL: 20628
306) 21 -1 8 -1 8 -1 8 #UTIL: 20628
307) 1 -1 1 -1 1 -1 18 -1 8 -1 8 #UTIL: 20591
308) 29 -1 8 -1 14 #UTIL: 20591
309) 8 -1 21 -1 8 -1 8 #UTIL: 20567
310) 71 -1 8 -1 18 -1 8 -1 8 #UTIL: 20559
311) 21 -1 8 -1 18 -1 8 -1 18 #UTIL: 20535
312) 1 -1 8 -1 8 #UTIL: 20526
313) 18 -1 8 -1 8 -1 14 -1 8 #UTIL: 20511
314) 8 -1 18 -1 14 -1 14 #UTIL: 20503
315) 8 -1 8 -1 21 -1 8 #UTIL: 20487
316) 18 -1 14 -1 71 #UTIL: 20467
317) 18 -1 71 -1 18 -1 8 #UTIL: 20425
318) 18 -1 21 #UTIL: 20422
319) 14 -1 8 -1 18 -1 18 #UTIL: 20382
320) 14 -1 14 -1 8 #UTIL: 20372
321) 71 -1 8 -1 8 -1 18 -1 8 #UTIL: 20370
322) 18 -1 8 -1 71 -1 8 -1 18 #UTIL: 20286
323) 8 -1 8 -1 18 -1 71 -1 8 #UTIL: 20265
324) 8 -1 8 -1 18 -1 8 -1 71 #UTIL: 20186
325) 18 -1 71 -1 71 #UTIL: 20170
326) 8 -1 18 -1 8 -1 14 -1 18 -1 8 #UTIL: 20147
327) 8 -1 14 -1 8 -1 14 #UTIL: 20064
328) 18 -1 8 -1 18 -1 14 -1 18 #UTIL: 20062
329) 8 -1 8 -1 29 -1 8 #UTIL: 20029
330) 8 -1 17 -1 8 -1 8 #UTIL: 19962
331) 8 -1 18 -1 18 -1 8 -1 8 -1 8 #UTIL: 19958
332) 8 -1 14 -1 18 -1 18 #UTIL: 19923
333) 17 -1 18 -1 8 -1 8 #UTIL: 19900
334) 1 -1 1 -1 1 -1 8 -1 18 -1 8 -1 18 #UTIL: 19888
335) 18 -1 17 -1 8 -1 18 #UTIL: 19870
336) 8 -1 8 -1 18 -1 8 -1 8 -1 18 -1 8 #UTIL: 19861
337) 8 -1 18 -1 18 -1 14 -1 8 #UTIL: 19844
338) 8 -1 14 -1 71 -1 8 #UTIL: 19832
339) 18 -1 8 -1 8 -1 18 -1 14 #UTIL: 19779
340) 18 -1 8 -1 21 -1 8 #UTIL: 19748
341) 29 -1 14 #UTIL: 19745
342) 8 -1 18 -1 8 -1 8 -1 18 -1 8 -1 8 #UTIL: 19721
343) 8 -1 8 -1 18 -1 18 -1 8 -1 18 #UTIL: 19712
344) 8 -1 18 -1 17 -1 18 #UTIL: 19710
345) 8 -1 8 -1 8 -1 14 -1 18 #UTIL: 19703
346) 29 -1 8 -1 8 -1 18 -1 8 #UTIL: 19691
347) 8 -1 8 -1 17 -1 8 #UTIL: 19671
348) 17 -1 8 -1 18 -1 18 #UTIL: 19668
349) 8 -1 18 -1 8 -1 8 -1 8 -1 18 -1 8 #UTIL: 19666
350) 8 -1 18 -1 8 -1 18 -1 14 -1 8 #UTIL: 19665
351) 29 -1 14 -1 8 #UTIL: 19623
352) 21 -1 18 -1 8 -1 18 #UTIL: 19621
353) 8 -1 8 -1 18 -1 18 -1 18 #UTIL: 19619
354) 18 -1 8 -1 14 -1 8 -1 8 #UTIL: 19617
355) 40 -1 8 #UTIL: 19613
356) 17 -1 71 -1 8 -1 18 #UTIL: 19611
357) 18 -1 21 -1 8 -1 18 #UTIL: 19604
358) 29 -1 8 -1 71 #UTIL: 19599
359) 17 -1 8 -1 14 #UTIL: 19584
360) 8 -1 8 -1 18 -1 8 -1 18 -1 18 #UTIL: 19574
361) 8 -1 8 -1 18 -1 14 -1 8 -1 18 #UTIL: 19550
362) 1 -1 18 -1 8 -1 18 #UTIL: 19543
363) 17 -1 18 -1 18 #UTIL: 19538
364) 71 -1 8 -1 14 -1 8 #UTIL: 19538
365) 71 -1 8 -1 71 -1 8 #UTIL: 19531
366) 8 -1 8 -1 8 -1 8 -1 8 -1 18 #UTIL: 19518
367) 8 -1 18 -1 8 -1 8 -1 14 -1 8 #UTIL: 19509
368) 14 -1 8 -1 71 #UTIL: 19499
369) 8 -1 8 -1 18 -1 8 -1 14 -1 8 #UTIL: 19491
370) 29 -1 17 -1 8 #UTIL: 19485
371) 71 -1 71 -1 8 -1 18 #UTIL: 19469
372) 71 -1 14 -1 18 #UTIL: 19464
373) 8 -1 18 -1 8 -1 71 -1 18 #UTIL: 19461
374) 8 -1 18 -1 8 -1 14 -1 8 -1 8 #UTIL: 19453
375) 8 -1 14 -1 14 -1 8 #UTIL: 19446
376) 1 -1 1 -1 1 -1 8 -1 8 -1 8 #UTIL: 19435
377) 8 -1 17 -1 18 -1 8 #UTIL: 19435
378) 8 -1 18 -1 8 -1 18 -1 8 -1 8 -1 8 #UTIL: 19432
379) 29 -1 18 -1 18 #UTIL: 19425
380) 1 -1 1 -1 8 -1 18 -1 18 #UTIL: 19409
381) 8 -1 8 -1 18 -1 8 -1 18 -1 8 -1 18 #UTIL: 19404
382) 8 -1 29 -1 71 #UTIL: 19395
383) 18 -1 8 -1 18 -1 18 -1 8 -1 18 #UTIL: 19393
384) 29 -1 18 -1 8 -1 8 #UTIL: 19374
385) 1 -1 1 -1 18 -1 8 -1 8 #UTIL: 19330
386) 14 -1 8 -1 18 -1 8 -1 8 #UTIL: 19325
387) 18 -1 18 -1 8 -1 18 -1 8 -1 18 #UTIL: 19318
388) 18 -1 14 -1 14 #UTIL: 19265
389) 8 -1 71 -1 8 -1 71 #UTIL: 19264
390) 40 -1 8 -1 18 #UTIL: 19254
391) 29 -1 8 -1 18 -1 8 -1 8 #UTIL: 19245
392) 21 -1 8 -1 18 -1 18 #UTIL: 19217
393) 21 -1 8 -1 14 #UTIL: 19194
394) 18 -1 8 -1 18 -1 8 -1 71 #UTIL: 19181
395) 71 -1 8 -1 18 -1 71 #UTIL: 19170
396) 8 -1 14 -1 8 -1 8 -1 8 #UTIL: 19154
397) 8 -1 18 -1 71 -1 18 -1 8 #UTIL: 19140
398) 18 -1 18 -1 8 -1 8 -1 18 -1 8 #UTIL: 19135
399) 8 -1 17 -1 71 #UTIL: 19133
400) 71 -1 14 -1 8 -1 18 #UTIL: 19132
401) 29 -1 71 -1 8 -1 18 #UTIL: 19125
402) 18 -1 18 -1 18 -1 8 -1 18 #UTIL: 19110
403) 8 -1 8 -1 14 -1 8 -1 18 -1 8 #UTIL: 19101
404) 8 -1 18 -1 8 -1 8 -1 18 -1 14 #UTIL: 19091
405) 8 -1 18 -1 17 -1 8 -1 18 #UTIL: 19065
406) 18 -1 8 -1 18 -1 8 -1 18 -1 8 -1 18 #UTIL: 19061
407) 18 -1 17 -1 18 #UTIL: 19059
408) 8 -1 18 -1 71 -1 14 #UTIL: 19035
409) 18 -1 8 -1 18 -1 8 -1 18 -1 18 #UTIL: 19006
410) 18 -1 8 -1 18 -1 18 -1 18 #UTIL: 18999
411) 8 -1 71 -1 8 -1 8 -1 18 #UTIL: 18992
412) 14 -1 8 -1 8 -1 18 -1 8 #UTIL: 18982
413) 18 -1 18 -1 14 -1 18 #UTIL: 18958
414) 8 -1 71 -1 71 -1 8 #UTIL: 18915
415) 8 -1 18 -1 29 -1 18 #UTIL: 18905
416) 8 -1 18 -1 8 -1 21 -1 8 #UTIL: 18870
417) 18 -1 29 -1 8 -1 18 #UTIL: 18867
418) 8 -1 18 -1 18 -1 14 -1 18 #UTIL: 18856
419) 1 -1 1 -1 8 -1 18 -1 8 -1 18 #UTIL: 18853
420) 18 -1 18 -1 8 -1 18 -1 18 #UTIL: 18829
421) 8 -1 18 -1 8 -1 71 -1 8 -1 18 #UTIL: 18820
422) 21 -1 18 -1 8 -1 8 #UTIL: 18779
423) 3 -1 8 -1 18 #UTIL: 18760
424) 8 -1 18 -1 21 -1 8 -1 18 #UTIL: 18753
425) 21 -1 8 -1 18 -1 8 -1 8 #UTIL: 18744
426) 29 -1 17 #UTIL: 18735
427) 1 -1 1 -1 1 -1 71 #UTIL: 18731
428) 18 -1 8 -1 8 -1 14 -1 18 #UTIL: 18712
429) 8 -1 18 -1 8 -1 18 -1 14 -1 18 #UTIL: 18709
430) 1 -1 8 -1 8 -1 18 #UTIL: 18682
431) 8 -1 8 -1 14 -1 71 #UTIL: 18669
432) 8 -1 8 -1 8 -1 8 -1 14 #UTIL: 18659
433) 17 -1 14 -1 8 #UTIL: 18659
434) 71 -1 8 -1 18 -1 14 #UTIL: 18608
435) 14 -1 18 -1 14 #UTIL: 18603
436) 18 -1 18 -1 8 -1 71 #UTIL: 18595
437) 17 -1 14 #UTIL: 18593
438) 17 -1 8 -1 8 -1 18 -1 8 #UTIL: 18580
439) 8 -1 8 -1 18 -1 29 #UTIL: 18575
440) 40 -1 18 -1 8 #UTIL: 18568
441) 17 -1 8 -1 18 -1 8 -1 8 #UTIL: 18564
442) 8 -1 18 -1 71 -1 8 -1 18 -1 8 #UTIL: 18553
443) 8 -1 71 -1 14 -1 8 #UTIL: 18546
444) 1 -1 1 -1 1 -1 17 #UTIL: 18525
445) 8 -1 18 -1 29 -1 8 -1 18 #UTIL: 18474
446) 8 -1 29 -1 18 -1 8 #UTIL: 18440
447) 18 -1 71 -1 14 #UTIL: 18439
448) 1 -1 1 -1 1 -1 18 -1 8 -1 18 -1 8 #UTIL: 18428
449) 71 -1 71 -1 18 #UTIL: 18409
450) 18 -1 8 -1 8 -1 8 -1 8 -1 18 #UTIL: 18406
451) 8 -1 17 -1 8 -1 18 -1 8 #UTIL: 18397
452) 8 -1 14 -1 18 -1 8 -1 8 #UTIL: 18357
453) 14 -1 8 -1 18 -1 14 #UTIL: 18316
454) 18 -1 8 -1 17 -1 8 #UTIL: 18311
455) 8 -1 8 -1 8 -1 71 -1 8 #UTIL: 18306
456) 8 -1 21 -1 8 -1 18 -1 8 #UTIL: 18299
457) 17 -1 71 -1 18 #UTIL: 18274
458) 18 -1 8 -1 18 -1 71 -1 8 #UTIL: 18267
459) 1 -1 1 -1 8 -1 8 -1 8 #UTIL: 18264
460) 8 -1 21 -1 18 -1 8 #UTIL: 18254
461) 18 -1 8 -1 18 -1 14 -1 8 -1 18 #UTIL: 18251
462) 18 -1 8 -1 18 -1 8 -1 8 -1 18 -1 8 #UTIL: 18249
463) 71 -1 18 -1 14 #UTIL: 18249
464) 1 -1 1 -1 1 -1 18 -1 18 -1 8 #UTIL: 18234
465) 18 -1 14 -1 8 -1 8 -1 18 #UTIL: 18225
466) 29 -1 8 -1 14 -1 8 #UTIL: 18221
467) 8 -1 8 -1 8 -1 8 -1 8 -1 8 #UTIL: 18214
468) 71 -1 18 -1 71 #UTIL: 18185
469) 18 -1 18 -1 8 -1 14 -1 8 #UTIL: 18165
470) 17 -1 8 -1 71 #UTIL: 18160
471) 21 -1 8 -1 8 -1 18 -1 8 #UTIL: 18157
472) 3 -1 8 #UTIL: 18141
473) 18 -1 18 -1 8 -1 18 -1 8 -1 8 #UTIL: 18124
474) 29 -1 8 -1 18 -1 14 #UTIL: 18123
475) 21 #UTIL: 18109
476) 14 -1 8 -1 14 -1 8 #UTIL: 18108
477) 18 -1 18 -1 14 -1 8 -1 18 #UTIL: 18097
478) 8 -1 18 -1 40 #UTIL: 18084
479) 18 -1 8 -1 29 -1 8 #UTIL: 18080
480) 40 -1 18 #UTIL: 18069
481) 18 -1 18 -1 71 -1 8 #UTIL: 18043
482) 29 -1 71 -1 18 #UTIL: 18033
483) 8 -1 14 -1 18 -1 14 #UTIL: 18019
484) 8 -1 8 -1 71 -1 8 -1 8 #UTIL: 18018
485) 14 -1 71 -1 8 -1 18 #UTIL: 18010
486) 8 -1 8 -1 18 -1 21 #UTIL: 18001
487) 14 -1 18 -1 8 -1 18 -1 8 #UTIL: 17978
488) 8 -1 71 -1 8 -1 8 -1 8 #UTIL: 17975
489) 8 -1 18 -1 21 -1 18 #UTIL: 17963
490) 18 -1 29 -1 18 #UTIL: 17955
491) 1 -1 1 -1 1 -1 8 -1 14 #UTIL: 17950
492) 8 -1 18 -1 14 -1 8 -1 8 -1 18 #UTIL: 17929
493) 18 -1 14 -1 18 -1 8 -1 18 #UTIL: 17929
494) 8 -1 14 -1 8 -1 71 #UTIL: 17920
495) 1 -1 1 -1 1 -1 8 -1 18 -1 8 -1 8 #UTIL: 17909
496) 8 -1 8 -1 18 -1 8 -1 14 -1 18 #UTIL: 17900
497) 71 -1 18 -1 8 -1 18 -1 8 #UTIL: 17868
498) 17 -1 8 -1 18 -1 14 #UTIL: 17859
499) 1 -1 1 -1 1 -1 14 #UTIL: 17842
500) 8 -1 18 -1 18 -1 18 -1 8 -1 18 #UTIL: 17816