1) 8 -1 18 -1 8 #UTIL: 61549
2) 8 -1 18 #UTIL: 60626
3) 8 -1 8 #UTIL: 55168
4) 8 -1 8 -1 18 #UTIL: 54542
5) 18 -1 8 #UTIL: 52477
6) 8 -1 18 -1 8 -1 18 #UTIL: 52264
7) 18 -1 8 -1 18 #UTIL: 51014
8) 8 -1 8 -1 8 #UTIL: 49282
9) 8 -1 18 -1 8 -1 8 #UTIL: 48539
10) 8 -1 8 -1 18 -1 8 #UTIL: 47240
11) 18 -1 8 -1 8 #UTIL: 46676
12) 8 -1 18 -1 18 #UTIL: 46017
13) 8 #UTIL: 45296
14) 18 -1 8 -1 18 -1 8 #UTIL: 44147
15) 8 -1 18 -1 8 -1 18 -1 8 #UTIL: 42019
16) 8 -1 8 -1 8 -1 18 #UTIL: 41673
17) 18 -1 8 -1 8 -1 18 #UTIL: 39951
18) 8 -1 18 -1 8 -1 8 -1 18 #UTIL: 39400
19) 8 -1 18 -1 14 #UTIL: 39322
20) 8 -1 18 -1 18 -1 8 #UTIL: 39269
21) 8 -1 14 -1 8 #UTIL: 38612
22) 8 -1 14 #UTIL: 38421
23) 18 -1 18 #UTIL: 38355
24) 18 -1 18 -1 8 #UTIL: 38318
25) 71 -1 8 #UTIL: 37334
26) 8 -1 8 -1 8 -1 8 #UTIL: 37209
27) 8 -1 71 #UTIL: 37164
28) 71 -1 8 -1 18 #UTIL: 37028
29) 18 #UTIL: 36786
30) 8 -1 71 -1 8 #UTIL: 36130
31) 8 -1 18 -1 71 #UTIL: 35946
32) 8 -1 8 -1 18 -1 8 -1 18 #UTIL: 35752
33) 18 -1 8 -1 8 -1 8 #UTIL: 35445
34) 14 -1 8 #UTIL: 35365
35) 8 -1 18 -1 8 -1 8 -1 8 #UTIL: 34897
36) 8 -1 18 -1 8 -1 14 #UTIL: 34676
37) 8 -1 8 -1 14 #UTIL: 34654
38) 8 -1 18 -1 14 -1 8 #UTIL: 34592
39) 14 -1 8 -1 18 #UTIL: 34570
40) 8 -1 14 -1 18 #UTIL: 34092
41) 8 -1 8 -1 18 -1 18 #UTIL: 33918
42) 8 -1 8 -1 18 -1 8 -1 8 #UTIL: 33681
43) 18 -1 8 -1 18 -1 8 -1 18 #UTIL: 33630
44) 8 -1 8 -1 8 -1 18 -1 8 #UTIL: 33294
45) 8 -1 14 -1 8 -1 18 #UTIL: 33290
46) 29 -1 8 -1 18 #UTIL: 33077
47) 18 -1 8 -1 14 #UTIL: 33069
48) 17 -1 8 -1 18 #UTIL: 33061
49) 18 -1 8 -1 8 -1 18 -1 8 #UTIL: 32713
50) 18 -1 18 -1 8 -1 18 #UTIL: 32508
51) 29 -1 8 #UTIL: 32411
52) 18 -1 14 #UTIL: 32333
53) 17 -1 8 #UTIL: 32307
54) 18 -1 8 -1 18 -1 18 #UTIL: 32069
55) 18 -1 14 -1 8 #UTIL: 32044
56) 71 -1 8 -1 8 #UTIL: 31951
57) 8 -1 8 -1 71 #UTIL: 31925
58) 71 -1 8 -1 18 -1 8 #UTIL: 31371
59) 8 -1 18 -1 8 -1 8 -1 18 -1 8 #UTIL: 31207
60) 18 -1 8 -1 18 -1 8 -1 8 #UTIL: 31105
61) 8 -1 18 -1 71 -1 8 #UTIL: 31073
62) 8 -1 8 -1 14 -1 8 #UTIL: 31033
63) 14 -1 8 -1 8 #UTIL: 30897
64) 8 -1 18 -1 18 -1 8 -1 18 #UTIL: 30890
65) 8 -1 18 -1 8 -1 18 -1 8 -1 18 #UTIL: 30755
66) 8 -1 18 -1 8 -1 71 #UTIL: 30745
67) 71 -1 18 #UTIL: 30689
68) 18 -1 71 #UTIL: 30640
69) 14 -1 18 #UTIL: 30588
70) 8 -1 18 -1 14 -1 18 #UTIL: 30584
71) 8 -1 18 -1 8 -1 18 -1 18 #UTIL: 30472
72) 18 -1 71 -1 8 #UTIL: 30419
73) 18 -1 8 -1 71 #UTIL: 30393
74) 8 -1 71 -1 8 -1 18 #UTIL: 30345
75) 8 -1 8 -1 18 -1 14 #UTIL: 30211
76) 14 -1 18 -1 8 #UTIL: 29892
77) 21 -1 8 -1 18 #UTIL: 29756
78) 1 -1 1 -1 1 -1 8 -1 18 #UTIL: 29719
79) 14 -1 8 -1 18 -1 8 #UTIL: 29529
80) 71 -1 18 -1 8 #UTIL: 29529
81) 21 -1 8 #UTIL: 29475
82) 8 -1 18 -1 18 -1 18 #UTIL: 29335
83) 29 -1 8 -1 8 #UTIL: 29262
84) 18 -1 18 -1 8 -1 8 #UTIL: 29257
85) 8 -1 14 -1 18 -1 8 #UTIL: 29099
86) 8 -1 14 -1 8 -1 8 #UTIL: 28982
87) 8 -1 71 -1 18 #UTIL: 28921
88) 8 -1 18 -1 14 -1 8 -1 18 #UTIL: 28915
89) 18 -1 8 -1 14 -1 8 #UTIL: 28905
90) 8 -1 18 -1 8 -1 14 -1 8 #UTIL: 28836
91) 29 -1 8 -1 18 -1 8 #UTIL: 28596
92) 1 -1 1 -1 1 -1 18 #UTIL: 28486
93) 1 -1 1 -1 1 -1 8 #UTIL: 28435
94) 8 -1 18 -1 8 -1 18 -1 8 -1 8 #UTIL: 28339
95) 18 -1 14 -1 18 #UTIL: 28308
96) 17 -1 8 -1 18 -1 8 #UTIL: 28175
97) 8 -1 8 -1 8 -1 8 -1 18 #UTIL: 28164
98) 8 -1 8 -1 18 -1 8 -1 18 -1 8 #UTIL: 28158
99) 18 -1 14 -1 8 -1 18 #UTIL: 28138
100) 18 -1 8 -1 18 -1 14 #UTIL: 27875
101) 18 -1 18 -1 18 #UTIL: 27834
102) 8 -1 18 -1 18 -1 8 -1 8 #UTIL: 27810
103) 17 -1 18 -1 8 #UTIL: 27796
104) 17 -1 18 #UTIL: 27757
105) 17 -1 8 -1 8 #UTIL: 27755
106) 8 -1 29 -1 8 #UTIL: 27680
107) 8 -1 17 -1 8 #UTIL: 27513
108) 8 -1 17 #UTIL: 27489
109) 8 -1 8 -1 14 -1 18 #UTIL: 27457
110) 1 -1 1 -1 8 -1 18 #UTIL: 27413
111) 18 -1 8 -1 8 -1 8 -1 18 #UTIL: 27330
112) 8 -1 8 -1 18 -1 18 -1 8 #UTIL: 27301
113) 8 -1 8 -1 71 -1 8 #UTIL: 27299
114) 8 -1 29 #UTIL: 27256
115) 8 -1 21 -1 8 #UTIL: 27124
116) 21 -1 8 -1 8 #UTIL: 27104
117) 71 #UTIL: 27103
118) 29 -1 18 -1 8 #UTIL: 27050
119) 8 -1 8 -1 8 -1 14 #UTIL: 27039
120) 8 -1 8 -1 8 -1 8 -1 8 #UTIL: 27037
121) 18 -1 18 -1 8 -1 18 -1 8 #UTIL: 26943
122) 18 -1 8 -1 18 -1 8 -1 18 -1 8 #UTIL: 26860
123) 1 -1 1 -1 1 -1 18 -1 8 #UTIL: 26842
124) 8 -1 18 -1 8 -1 18 -1 14 #UTIL: 26807
125) 29 -1 18 #UTIL: 26704
126) 8 -1 18 -1 29 #UTIL: 26627
127) 21 -1 8 -1 18 -1 8 #UTIL: 26617
128) 18 -1 8 -1 18 -1 18 -1 8 #UTIL: 26329
129) 18 -1 71 -1 8 -1 18 #UTIL: 26319
130) 18 -1 8 -1 14 -1 18 #UTIL: 26315
131) 71 -1 8 -1 8 -1 18 #UTIL: 26303
132) 8 -1 71 -1 8 -1 8 #UTIL: 26175
133) 18 -1 8 -1 71 -1 8 #UTIL: 26102
134) 8 -1 18 -1 8 -1 14 -1 18 #UTIL: 25921
135) 8 -1 14 -1 8 -1 18 -1 8 #UTIL: 25736
136) 1 -1 1 -1 8 #UTIL: 25693
137) 8 -1 18 -1 8 -1 8 -1 8 -1 18 #UTIL: 25691
138) 8 -1 8 -1 18 -1 71 #UTIL: 25658
139) 1 -1 1 -1 18 #UTIL: 25557
140) 8 -1 8 -1 18 -1 8 -1 8 -1 18 #UTIL: 25556
141) 8 -1 18 -1 18 -1 14 #UTIL: 25500
142) 1 -1 1 -1 1 -1 8 -1 8 #UTIL: 25484
143) 14 #UTIL: 25454
144) 18 -1 8 -1 8 -1 14 #UTIL: 25334
145) 8 -1 8 -1 14 -1 8 -1 18 #UTIL: 25279
146) 8 -1 18 -1 17 #UTIL: 25237
147) 18 -1 8 -1 8 -1 8 -1 8 #UTIL: 25218
148) 8 -1 21 #UTIL: 25104
149) 8 -1 18 -1 8 -1 8 -1 14 #UTIL: 25086
150) 8 -1 18 -1 71 -1 8 -1 18 #UTIL: 24921
151) 8 -1 18 -1 71 -1 18 #UTIL: 24890
152) 8 -1 18 -1 18 -1 8 -1 18 -1 8 #UTIL: 24844
153) 14 -1 8 -1 8 -1 18 #UTIL: 24781
154) 1 -1 1 -1 18 -1 8 #UTIL: 24777
155) 1 -1 1 -1 1 -1 8 -1 18 -1 8 #UTIL: 24747
156) 8 -1 18 -1 21 #UTIL: 24740
157) 8 -1 18 -1 8 -1 71 -1 8 #UTIL: 24712
158) 18 -1 18 -1 18 -1 8 #UTIL: 24704
159) 8 -1 8 -1 18 -1 8 -1 14 #UTIL: 24691
160) 29 -1 8 -1 8 -1 18 #UTIL: 24617
161) 8 -1 18 -1 14 -1 18 -1 8 #UTIL: 24491
162) 71 -1 71 #UTIL: 24489
163) 21 -1 18 -1 8 #UTIL: 24425
164) 8 -1 18 -1 8 -1 18 -1 8 -1 18 -1 8 #UTIL: 24393
165) 8 -1 18 -1 8 -1 18 -1 18 -1 8 #UTIL: 24374
166) 8 -1 18 -1 14 -1 8 -1 8 #UTIL: 24362
167) 18 -1 14 -1 18 -1 8 #UTIL: 24357
168) 1 -1 1 -1 1 #UTIL: 24350
169) 8 -1 18 -1 8 -1 8 -1 8 -1 8 #UTIL: 24271
170) 18 -1 71 -1 18 #UTIL: 24241
171) 18 -1 8 -1 18 -1 71 #UTIL: 24170
172) 18 -1 18 -1 14 #UTIL: 24162
173) 8 -1 8 -1 18 -1 14 -1 8 #UTIL: 24130
174) 8 -1 17 -1 8 -1 18 #UTIL: 24021
175) 18 -1 8 -1 18 -1 8 -1 8 -1 18 #UTIL: 23989
176) 71 -1 8 -1 8 -1 8 #UTIL: 23963
177) 18 -1 18 -1 8 -1 8 -1 18 #UTIL: 23915
178) 8 -1 18 -1 18 -1 18 -1 8 #UTIL: 23888
179) 8 -1 71 -1 18 -1 8 #UTIL: 23882
180) 18 -1 14 -1 8 -1 8 #UTIL: 23863
181) 8 -1 14 -1 71 #UTIL: 23850
182) 1 -1 8 -1 18 #UTIL: 23759
183) 1 -1 1 -1 1 -1 18 -1 8 -1 18 #UTIL: 23692
184) 21 -1 18 #UTIL: 23622
185) 8 -1 71 -1 71 #UTIL: 23608
186) 18 -1 8 -1 14 -1 8 -1 18 #UTIL: 23591
187) 1 -1 1 -1 8 -1 8 #UTIL: 23558
188) 8 -1 8 -1 18 -1 8 -1 8 -1 8 #UTIL: 23481
189) 8 -1 18 -1 29 -1 8 #UTIL: 23476
190) 71 -1 8 -1 71 #UTIL: 23474
191) 14 -1 18 -1 8 -1 18 #UTIL: 23426
192) 8 -1 71 -1 8 -1 18 -1 8 #UTIL: 23419
193) 8 -1 18 -1 21 -1 8 #UTIL: 23335
194) 1 -1 1 -1 8 -1 18 -1 8 #UTIL: 23265
195) 8 -1 17 -1 18 #UTIL: 23265
196) 17 -1 8 -1 8 -1 18 #UTIL: 23262
197) 8 -1 21 -1 8 -1 18 #UTIL: 23236
198) 8 -1 29 -1 8 -1 18 #UTIL: 23007
199) 18 -1 8 -1 8 -1 18 -1 8 -1 18 #UTIL: 23004
200) 71 -1 8 -1 18 -1 8 -1 18 #UTIL: 22961