1) 8 -1 18 -1 8 #UTIL: 61549
2) 8 -1 18 #UTIL: 60626
3) 8 -1 8 #UTIL: 55168
4) 8 -1 8 -1 18 #UTIL: 54542
5) 18 -1 8 #UTIL: 52477
6) 8 -1 18 -1 8 -1 18 #UTIL: 52264
7) 18 -1 8 -1 18 #UTIL: 51014
8) 8 -1 8 -1 8 #UTIL: 49282
9) 8 -1 18 -1 8 -1 8 #UTIL: 48539
10) 8 -1 8 -1 18 -1 8 #UTIL: 47240
11) 18 -1 8 -1 8 #UTIL: 46676
12) 8 -1 18 -1 18 #UTIL: 46017
13) 8 #UTIL: 45296
14) 18 -1 8 -1 18 -1 8 #UTIL: 44147
15) 8 -1 18 -1 8 -1 18 -1 8 #UTIL: 42019
16) 8 -1 8 -1 8 -1 18 #UTIL: 41673
17) 18 -1 8 -1 8 -1 18 #UTIL: 39951
18) 8 -1 18 -1 8 -1 8 -1 18 #UTIL: 39400
19) 8 -1 18 -1 14 #UTIL: 39322
20) 8 -1 18 -1 18 -1 8 #UTIL: 39269
21) 8 -1 14 -1 8 #UTIL: 38612
22) 8 -1 14 #UTIL: 38421
23) 18 -1 18 #UTIL: 38355
24) 18 -1 18 -1 8 #UTIL: 38318
25) 71 -1 8 #UTIL: 37334
26) 8 -1 8 -1 8 -1 8 #UTIL: 37209
27) 8 -1 71 #UTIL: 37164
28) 71 -1 8 -1 18 #UTIL: 37028
29) 18 #UTIL: 36786
30) 8 -1 71 -1 8 #UTIL: 36130
31) 8 -1 18 -1 71 #UTIL: 35946
32) 8 -1 8 -1 18 -1 8 -1 18 #UTIL: 35752
33) 18 -1 8 -1 8 -1 8 #UTIL: 35445
34) 14 -1 8 #UTIL: 35365
35) 8 -1 18 -1 8 -1 8 -1 8 #UTIL: 34897
36) 8 -1 18 -1 8 -1 14 #UTIL: 34676
37) 8 -1 8 -1 14 #UTIL: 34654
38) 8 -1 18 -1 14 -1 8 #UTIL: 34592
39) 14 -1 8 -1 18 #UTIL: 34570
40) 8 -1 14 -1 18 #UTIL: 34092
41) 8 -1 8 -1 18 -1 18 #UTIL: 33918
42) 8 -1 8 -1 18 -1 8 -1 8 #UTIL: 33681
43) 18 -1 8 -1 18 -1 8 -1 18 #UTIL: 33630
44) 8 -1 8 -1 8 -1 18 -1 8 #UTIL: 33294
45) 8 -1 14 -1 8 -1 18 #UTIL: 33290
46) 29 -1 8 -1 18 #UTIL: 33077
47) 18 -1 8 -1 14 #UTIL: 33069
48) 17 -1 8 -1 18 #UTIL: 33061
49) 18 -1 8 -1 8 -1 18 -1 8 #UTIL: 32713
50) 18 -1 18 -1 8 -1 18 #UTIL: 32508