1) 1801 #UTIL: 47327
2) 7944 #UTIL: 44225
3) 1490 #UTIL: 36895
4) 440 #UTIL: 34412
5) 1161 #UTIL: 34270
6) 1338 #UTIL: 30429
7) 4323 #UTIL: 30380
8) 1187 #UTIL: 30032
9) 5116 #UTIL: 29795
10) 2505 #UTIL: 29648
11) 4171 #UTIL: 26124
12) 6582 #UTIL: 25488
13) 6138 #UTIL: 23816
14) 3277 #UTIL: 23478
15) 5689 #UTIL: 22850
16) 930 #UTIL: 22617
17) 8281 #UTIL: 22120
18) 4366 #UTIL: 20958
19) 3345 #UTIL: 20272
20) 9910 #UTIL: 19940
21) 3154 #UTIL: 19712
22) 2991 #UTIL: 19676
23) 4650 #UTIL: 19656
24) 2086 #UTIL: 19200
25) 1359 #UTIL: 19134
26) 3767 #UTIL: 19122
27) 4429 #UTIL: 19062
28) 257 440 3250 5137 #UTIL: 19056
29) 7035 #UTIL: 18900
30) 116 #UTIL: 18739
31) 257 440 3250 #UTIL: 18344
32) 7443 #UTIL: 18258
33) 8779 #UTIL: 18193
34) 9296 #UTIL: 17759
35) 3154 3195 4639 9605 #UTIL: 17190
36) 257 #UTIL: 17024
37) 2963 #UTIL: 16681
38) 7478 #UTIL: 16535
39) 3154 4639 9605 #UTIL: 16485
40) 257 440 5137 #UTIL: 16422
41) 4650 6012 8096 #UTIL: 16395
42) 391 6582 6984 #UTIL: 16334
43) 3491 #UTIL: 16326
44) 1720 #UTIL: 16240
45) 3430 #UTIL: 16163
46) 9605 #UTIL: 15912
47) 3154 3195 9605 #UTIL: 15911
48) 257 440 #UTIL: 15758
49) 4971 #UTIL: 15729
50) 1017 #UTIL: 15606
51) 193 #UTIL: 15300
52) 3154 9605 #UTIL: 15274
53) 2861 #UTIL: 15130
54) 7823 #UTIL: 15105
55) 7714 #UTIL: 15060
56) 391 6582 #UTIL: 15048
57) 8739 #UTIL: 15035
58) 1017 1603 2861 3094 #UTIL: 14986
59) 1 #UTIL: 14763
60) 8212 #UTIL: 14748
61) 211 #UTIL: 14604
62) 8969 #UTIL: 14560
63) 2155 #UTIL: 14430
64) 2280 #UTIL: 14376
65) 2077 #UTIL: 14187
66) 5044 #UTIL: 14161
67) 6344 #UTIL: 14112
68) 5269 #UTIL: 14070
69) 1017 2861 3094 #UTIL: 13848
70) 2082 #UTIL: 13848
71) 2618 #UTIL: 13842
72) 9177 #UTIL: 13830
73) 1337 #UTIL: 13780
74) 3916 4301 6397 6472 7210 8840 #UTIL: 13693
75) 2847 3004 3290 3622 8984 #UTIL: 13561
76) 299 #UTIL: 13517
77) 9915 #UTIL: 13458
78) 6796 #UTIL: 13383
79) 1239 3104 8530 #UTIL: 13374
80) 908 1696 1724 5979 9616 #UTIL: 13192
81) 4569 #UTIL: 13192
82) 6961 #UTIL: 13182
83) 5510 #UTIL: 12980
84) 1025 #UTIL: 12955
85) 1327 #UTIL: 12925
86) 5375 #UTIL: 12892
87) 3916 4301 6397 6472 8840 #UTIL: 12779
88) 4650 8096 #UTIL: 12744
89) 2847 3290 3622 8984 #UTIL: 12743
90) 3916 4301 6397 6472 7210 #UTIL: 12716
91) 4650 6012 #UTIL: 12711
92) 1239 3104 #UTIL: 12704
93) 4809 #UTIL: 12691
94) 7187 #UTIL: 12690
95) 3916 6397 6472 7210 8840 #UTIL: 12645
96) 908 1696 1724 5979 #UTIL: 12572
97) 1387 #UTIL: 12556
98) 8261 #UTIL: 12546
99) 8731 #UTIL: 12537
100) 3405 #UTIL: 12508