1) 1801 #UTIL: 47327
2) 7944 #UTIL: 44225
3) 1490 #UTIL: 36895
4) 440 #UTIL: 34412
5) 1161 #UTIL: 34270
6) 1338 #UTIL: 30429
7) 4323 #UTIL: 30380
8) 1187 #UTIL: 30032
9) 5116 #UTIL: 29795
10) 2505 #UTIL: 29648
11) 4171 #UTIL: 26124
12) 6582 #UTIL: 25488
13) 6138 #UTIL: 23816
14) 3277 #UTIL: 23478
15) 5689 #UTIL: 22850
16) 930 #UTIL: 22617
17) 8281 #UTIL: 22120
18) 4366 #UTIL: 20958
19) 3345 #UTIL: 20272
20) 9910 #UTIL: 19940
21) 3154 #UTIL: 19712
22) 2991 #UTIL: 19676
23) 4650 #UTIL: 19656
24) 2086 #UTIL: 19200
25) 1359 #UTIL: 19134
26) 3767 #UTIL: 19122
27) 4429 #UTIL: 19062
28) 257 440 3250 5137 #UTIL: 19056
29) 7035 #UTIL: 18900
30) 116 #UTIL: 18739
31) 257 440 3250 #UTIL: 18344
32) 7443 #UTIL: 18258
33) 8779 #UTIL: 18193
34) 9296 #UTIL: 17759
35) 3154 3195 4639 9605 #UTIL: 17190
36) 257 #UTIL: 17024
37) 2963 #UTIL: 16681
38) 7478 #UTIL: 16535
39) 3154 4639 9605 #UTIL: 16485
40) 257 440 5137 #UTIL: 16422
41) 4650 6012 8096 #UTIL: 16395
42) 391 6582 6984 #UTIL: 16334
43) 3491 #UTIL: 16326
44) 1720 #UTIL: 16240
45) 3430 #UTIL: 16163
46) 9605 #UTIL: 15912
47) 3154 3195 9605 #UTIL: 15911
48) 257 440 #UTIL: 15758
49) 4971 #UTIL: 15729
50) 1017 #UTIL: 15606