1) 1801 #UTIL: 47327
2) 7944 #UTIL: 44225
3) 1490 #UTIL: 36895
4) 440 #UTIL: 34412
5) 1161 #UTIL: 34270
6) 1338 #UTIL: 30429
7) 4323 #UTIL: 30380
8) 1187 #UTIL: 30032
9) 5116 #UTIL: 29795
10) 2505 #UTIL: 29648
11) 4171 #UTIL: 26124
12) 6582 #UTIL: 25488
13) 6138 #UTIL: 23816
14) 3277 #UTIL: 23478
15) 5689 #UTIL: 22850
16) 930 #UTIL: 22617
17) 8281 #UTIL: 22120
18) 4366 #UTIL: 20958
19) 3345 #UTIL: 20272
20) 9910 #UTIL: 19940
21) 3154 #UTIL: 19712
22) 2991 #UTIL: 19676
23) 4650 #UTIL: 19656
24) 2086 #UTIL: 19200
25) 1359 #UTIL: 19134
26) 3767 #UTIL: 19122
27) 4429 #UTIL: 19062
28) 257 440 3250 5137 #UTIL: 19056
29) 7035 #UTIL: 18900
30) 116 #UTIL: 18739
31) 257 440 3250 #UTIL: 18344
32) 7443 #UTIL: 18258
33) 8779 #UTIL: 18193
34) 9296 #UTIL: 17759
35) 3154 3195 4639 9605 #UTIL: 17190
36) 257 #UTIL: 17024
37) 2963 #UTIL: 16681
38) 7478 #UTIL: 16535
39) 3154 4639 9605 #UTIL: 16485
40) 257 440 5137 #UTIL: 16422
41) 4650 6012 8096 #UTIL: 16395
42) 391 6582 6984 #UTIL: 16334
43) 3491 #UTIL: 16326
44) 1720 #UTIL: 16240
45) 3430 #UTIL: 16163
46) 9605 #UTIL: 15912
47) 3154 3195 9605 #UTIL: 15911
48) 257 440 #UTIL: 15758
49) 4971 #UTIL: 15729
50) 1017 #UTIL: 15606
51) 193 #UTIL: 15300
52) 3154 9605 #UTIL: 15274
53) 2861 #UTIL: 15130
54) 7823 #UTIL: 15105
55) 7714 #UTIL: 15060
56) 391 6582 #UTIL: 15048
57) 8739 #UTIL: 15035
58) 1017 1603 2861 3094 #UTIL: 14986
59) 1 #UTIL: 14763
60) 8212 #UTIL: 14748
61) 211 #UTIL: 14604
62) 8969 #UTIL: 14560
63) 2155 #UTIL: 14430
64) 2280 #UTIL: 14376
65) 2077 #UTIL: 14187
66) 5044 #UTIL: 14161
67) 6344 #UTIL: 14112
68) 5269 #UTIL: 14070
69) 1017 2861 3094 #UTIL: 13848
70) 2082 #UTIL: 13848
71) 2618 #UTIL: 13842
72) 9177 #UTIL: 13830
73) 1337 #UTIL: 13780
74) 3916 4301 6397 6472 7210 8840 #UTIL: 13693
75) 2847 3004 3290 3622 8984 #UTIL: 13561
76) 299 #UTIL: 13517
77) 9915 #UTIL: 13458
78) 6796 #UTIL: 13383
79) 1239 3104 8530 #UTIL: 13374
80) 908 1696 1724 5979 9616 #UTIL: 13192
81) 4569 #UTIL: 13192
82) 6961 #UTIL: 13182
83) 5510 #UTIL: 12980
84) 1025 #UTIL: 12955
85) 1327 #UTIL: 12925
86) 5375 #UTIL: 12892
87) 3916 4301 6397 6472 8840 #UTIL: 12779
88) 4650 8096 #UTIL: 12744
89) 2847 3290 3622 8984 #UTIL: 12743
90) 3916 4301 6397 6472 7210 #UTIL: 12716
91) 4650 6012 #UTIL: 12711
92) 1239 3104 #UTIL: 12704
93) 4809 #UTIL: 12691
94) 7187 #UTIL: 12690
95) 3916 6397 6472 7210 8840 #UTIL: 12645
96) 908 1696 1724 5979 #UTIL: 12572
97) 1387 #UTIL: 12556
98) 8261 #UTIL: 12546
99) 8731 #UTIL: 12537
100) 3405 #UTIL: 12508
101) 1655 #UTIL: 12492
102) 5572 #UTIL: 12465
103) 7726 #UTIL: 12388
104) 6582 6984 #UTIL: 12369
105) 3804 #UTIL: 12300
106) 257 3250 5137 #UTIL: 12242
107) 509 4090 6336 7292 9901 #UTIL: 12224
108) 2926 4730 8212 9006 9551 #UTIL: 12213
109) 211 271 1017 5556 9641 #UTIL: 12202
110) 1226 #UTIL: 12040
111) 1058 #UTIL: 12030
112) 1335 #UTIL: 12012
113) 4171 4950 #UTIL: 11811
114) 3916 4301 6397 6472 #UTIL: 11788
115) 4429 5524 8440 #UTIL: 11776
116) 2847 3004 3290 3622 #UTIL: 11761
117) 3916 6397 6472 8840 #UTIL: 11721
118) 908 1696 5979 9616 #UTIL: 11714
119) 4991 6155 8156 -1 3000 3313 4077 8926 -1 1868 2389 5116 #UTIL: 11702
120) 2876 5269 #UTIL: 11700
121) 2349 3058 4171 7944 #UTIL: 11694
122) 4355 #UTIL: 11680
123) 3916 4301 6472 7210 8840 #UTIL: 11675
124) 3916 6397 6472 7210 #UTIL: 11661
125) 2618 4365 5607 9048 #UTIL: 11643
126) 6446 #UTIL: 11624
127) 509 4090 7292 9901 #UTIL: 11616
128) 8585 #UTIL: 11612
129) 2172 #UTIL: 11580
130) 6718 #UTIL: 11580
131) 4301 6397 6472 7210 8840 #UTIL: 11563
132) 3616 #UTIL: 11544
133) 1603 2861 3094 #UTIL: 11543
134) 150 176 268 690 7863 #UTIL: 11533
135) 3104 8530 #UTIL: 11468
136) 211 271 1017 5556 #UTIL: 11445
137) 4991 6155 8156 -1 3000 3313 4077 8926 -1 1868 5116 #UTIL: 11423
138) 880 1428 2068 2862 2891 4800 6730 #UTIL: 11419
139) 2097 #UTIL: 11410
140) 419 1720 5944 7517 #UTIL: 11396
141) 257 3250 #UTIL: 11373
142) 4991 6155 8156 -1 3000 3313 4077 8926 -1 2389 5116 #UTIL: 11361
143) 4991 6155 8156 -1 3000 4077 8926 -1 1868 2389 5116 #UTIL: 11340
144) 1239 3104 4023 6545 8530 #UTIL: 11323
145) 4991 8156 -1 3000 3313 4077 8926 -1 1868 2389 5116 #UTIL: 11271
146) 2926 4730 8212 9551 #UTIL: 11258
147) 4730 8212 9006 9551 #UTIL: 11245
148) 4991 6155 8156 -1 3313 4077 8926 -1 1868 2389 5116 #UTIL: 11239
149) 7495 #UTIL: 11224
150) 2349 4171 7944 #UTIL: 11217
151) 845 #UTIL: 11216
152) 6032 #UTIL: 11200
153) 1017 1603 2861 #UTIL: 11195
154) 440 3250 5137 #UTIL: 11189
155) 1285 #UTIL: 11169
156) 5724 #UTIL: 11124
157) 116 1989 3602 #UTIL: 11122
158) 7764 #UTIL: 11112
159) 1696 1724 5979 9616 #UTIL: 11096
160) 9471 #UTIL: 11084
161) 908 1696 5979 #UTIL: 11082
162) 3266 #UTIL: 11082
163) 880 1428 2068 2891 4800 6730 #UTIL: 11077
164) 4991 6155 8156 -1 3000 3313 4077 8926 -1 5116 #UTIL: 11074
165) 1720 2487 4540 -1 2049 2633 2999 -1 3154 3195 4639 9605 -1 3889 7820 8657 -1 2937 3533 6860 #UTIL: 11051
166) 6037 #UTIL: 11050
167) 4991 6155 8156 -1 3000 4077 8926 -1 1868 5116 #UTIL: 11049
168) 908 1724 5979 9616 #UTIL: 11037
169) 7179 #UTIL: 11025
170) 45 #UTIL: 11014
171) 1720 4540 -1 2049 2633 2999 -1 3154 3195 4639 9605 -1 3889 7820 8657 -1 2937 3533 6860 #UTIL: 11006
172) 784 #UTIL: 11000
173) 4991 6155 8156 -1 3000 4077 8926 -1 2389 5116 #UTIL: 10995
174) 4991 8156 -1 3000 3313 4077 8926 -1 1868 5116 #UTIL: 10985
175) 6944 #UTIL: 10960
176) 4991 6155 8156 -1 3313 4077 8926 -1 1868 5116 #UTIL: 10958
177) 1043 2172 5607 #UTIL: 10933
178) 4991 8156 -1 3000 3313 4077 8926 -1 2389 5116 #UTIL: 10928
179) 1428 2068 2862 2891 4800 6730 #UTIL: 10913
180) 176 268 690 7863 #UTIL: 10911
181) 2847 3290 3622 #UTIL: 10904
182) 4991 8156 -1 3000 4077 8926 -1 1868 2389 5116 #UTIL: 10904
183) 4991 6155 8156 -1 3313 4077 8926 -1 2389 5116 #UTIL: 10896
184) 2618 5607 9048 #UTIL: 10895
185) 880 1428 2862 2891 4800 6730 #UTIL: 10882
186) 4991 6155 8156 -1 4077 8926 -1 1868 2389 5116 #UTIL: 10874
187) 6015 9922 #UTIL: 10870
188) 1943 #UTIL: 10860
189) 1720 2487 4540 -1 2049 2633 -1 3154 3195 4639 9605 -1 3889 7820 8657 -1 2937 3533 6860 #UTIL: 10859
190) 2618 4365 5607 #UTIL: 10859
191) 6618 #UTIL: 10848
192) 1720 2487 4540 -1 2049 2633 2999 -1 3154 4639 9605 -1 3889 7820 8657 -1 2937 3533 6860 #UTIL: 10847
193) 1720 2487 4540 -1 2049 2633 2999 -1 3154 3195 4639 9605 -1 3889 7820 -1 2937 3533 6860 #UTIL: 10844
194) 3938 #UTIL: 10812
195) 1720 4540 -1 2049 2633 -1 3154 3195 4639 9605 -1 3889 7820 8657 -1 2937 3533 6860 #UTIL: 10809
196) 4991 8156 -1 3313 4077 8926 -1 1868 2389 5116 #UTIL: 10808
197) 1720 4540 -1 2049 2633 2999 -1 3154 4639 9605 -1 3889 7820 8657 -1 2937 3533 6860 #UTIL: 10798
198) 6178 6404 8728 9177 #UTIL: 10798
199) 1720 4540 -1 2049 2633 2999 -1 3154 3195 4639 9605 -1 3889 7820 -1 2937 3533 6860 #UTIL: 10797
200) 3616 3878 6861 7263 #UTIL: 10794
201) 4991 6155 -1 3000 3313 4077 8926 -1 1868 2389 5116 #UTIL: 10784
202) 4551 #UTIL: 10780
203) 4991 #UTIL: 10776
204) 4041 #UTIL: 10764
205) 150 268 690 7863 #UTIL: 10760
206) 3916 4301 6472 8840 #UTIL: 10738
207) 3104 #UTIL: 10730
208) 150 176 690 7863 #UTIL: 10725
209) 3916 6397 6472 #UTIL: 10724
210) 320 #UTIL: 10722
211) 509 4090 6336 7292 #UTIL: 10703
212) 1239 3104 6545 8530 #UTIL: 10700
213) 4991 6155 8156 -1 3000 4077 8926 -1 5116 #UTIL: 10696
214) 1239 3104 4023 6545 #UTIL: 10689
215) 3916 4301 6472 7210 #UTIL: 10688
216) 1720 2487 4540 -1 2049 2633 2999 -1 3154 3195 9605 -1 3889 7820 8657 -1 2937 3533 6860 #UTIL: 10681
217) 509 6336 7292 9901 #UTIL: 10675
218) 1720 2487 4540 -1 2049 2633 2999 -1 3154 3195 4639 9605 -1 3889 8657 -1 2937 3533 6860 #UTIL: 10665
219) 2847 3004 3622 8984 #UTIL: 10665
220) 150 176 268 690 #UTIL: 10661
221) 2049 2633 2999 -1 3154 3195 4639 9605 -1 3889 7820 8657 -1 2937 3533 6860 #UTIL: 10656
222) 1720 2487 4540 -1 2049 2633 -1 3154 4639 9605 -1 3889 7820 8657 -1 2937 3533 6860 #UTIL: 10655
223) 1720 2487 4540 -1 2049 2633 -1 3154 3195 4639 9605 -1 3889 7820 -1 2937 3533 6860 #UTIL: 10652
224) 211 1017 5556 9641 #UTIL: 10650
225) 1239 3104 4023 8530 #UTIL: 10649
226) 1720 2487 4540 -1 2049 2633 2999 -1 3154 4639 9605 -1 3889 7820 -1 2937 3533 6860 #UTIL: 10640
227) 4991 8156 -1 3000 3313 4077 8926 -1 5116 #UTIL: 10634
228) 4301 6397 6472 8840 #UTIL: 10630
229) 1720 2487 4540 -1 2049 2633 2999 -1 3154 3195 4639 9605 -1 3889 7820 8657 -1 3533 6860 #UTIL: 10629
230) 1720 4540 -1 2049 2633 2999 -1 3154 3195 9605 -1 3889 7820 8657 -1 2937 3533 6860 #UTIL: 10628
231) 1720 2487 4540 -1 2049 2633 2999 -1 3154 3195 4639 9605 -1 3889 7820 8657 -1 2937 6860 #UTIL: 10627
232) 3916 6472 7210 8840 #UTIL: 10622
233) 5118 #UTIL: 10620
234) 1387 1490 #UTIL: 10616
235) 1720 4540 -1 2049 2633 2999 -1 3154 3195 4639 9605 -1 3889 8657 -1 2937 3533 6860 #UTIL: 10616
236) 6174 #UTIL: 10612
237) 4955 #UTIL: 10608
238) 4991 6155 8156 -1 3313 4077 8926 -1 5116 #UTIL: 10607
239) 4991 8156 -1 3000 4077 8926 -1 1868 5116 #UTIL: 10606
240) 1720 4540 -1 2049 2633 -1 3154 4639 9605 -1 3889 7820 8657 -1 2937 3533 6860 #UTIL: 10601
241) 1720 4540 -1 2049 2633 -1 3154 3195 4639 9605 -1 3889 7820 -1 2937 3533 6860 #UTIL: 10600
242) 9354 #UTIL: 10600
243) 1720 2487 4540 -1 2633 2999 -1 3154 3195 4639 9605 -1 3889 7820 8657 -1 2937 3533 6860 #UTIL: 10599
244) 1720 4540 -1 2049 2633 2999 -1 3154 4639 9605 -1 3889 7820 -1 2937 3533 6860 #UTIL: 10589
245) 1720 2487 4540 -1 2049 2633 2999 -1 3154 3195 4639 9605 -1 3889 7820 8657 #UTIL: 10583
246) 4991 6155 8156 -1 4077 8926 -1 1868 5116 #UTIL: 10581
247) 1720 4540 -1 2049 2633 2999 -1 3154 3195 4639 9605 -1 3889 7820 8657 -1 2937 6860 #UTIL: 10578
248) 1720 4540 -1 2049 2633 2999 -1 3154 3195 4639 9605 -1 3889 7820 8657 -1 3533 6860 #UTIL: 10578
249) 9281 #UTIL: 10572
250) 7034 8731 #UTIL: 10568
251) 8691 #UTIL: 10568
252) 4301 6397 6472 7210 #UTIL: 10562
253) 1428 2068 2891 4800 6730 #UTIL: 10558
254) 4991 8156 -1 3000 4077 8926 -1 2389 5116 #UTIL: 10557
255) 2585 #UTIL: 10556
256) 6397 6472 7210 8840 #UTIL: 10552
257) 4991 6155 -1 3000 3313 4077 8926 -1 1868 5116 #UTIL: 10551
258) 211 271 1017 9641 #UTIL: 10548
259) 1720 4540 -1 2633 2999 -1 3154 3195 4639 9605 -1 3889 7820 8657 -1 2937 3533 6860 #UTIL: 10544
260) 9593 #UTIL: 10542
261) 880 1428 2891 4800 6730 #UTIL: 10533
262) 4991 6155 8156 -1 4077 8926 -1 2389 5116 #UTIL: 10527
263) 4991 8156 -1 3313 4077 8926 -1 1868 5116 #UTIL: 10520
264) 3004 3290 3622 8984 #UTIL: 10518
265) 5945 #UTIL: 10500
266) 7169 #UTIL: 10500
267) 1720 2487 4540 -1 2049 2633 -1 3154 3195 9605 -1 3889 7820 8657 -1 2937 3533 6860 #UTIL: 10489
268) 1720 2487 4540 -1 2049 2633 2999 -1 3154 9605 -1 3889 7820 8657 -1 2937 3533 6860 #UTIL: 10477
269) 1720 2487 4540 -1 2049 2633 2999 -1 3154 3195 9605 -1 3889 7820 -1 2937 3533 6860 #UTIL: 10474
270) 1720 4540 -1 2049 2633 2999 -1 3154 3195 4639 9605 -1 3889 7820 8657 #UTIL: 10474
271) 1720 2487 4540 -1 2049 2633 -1 3154 3195 4639 9605 -1 3889 8657 -1 2937 3533 6860 #UTIL: 10473
272) 7481 #UTIL: 10472
273) 4991 8156 -1 3313 4077 8926 -1 2389 5116 #UTIL: 10463
274) 1720 2487 4540 -1 2049 2633 2999 -1 3154 4639 9605 -1 3889 8657 -1 2937 3533 6860 #UTIL: 10461
275) 1720 2487 4540 -1 2049 2633 2999 -1 3154 3195 4639 9605 -1 3889 -1 2937 3533 6860 #UTIL: 10458
276) 9608 #UTIL: 10455
277) 1696 1724 5979 #UTIL: 10453
278) 1720 2487 4540 -1 2049 2633 -1 3154 4639 9605 -1 3889 7820 -1 2937 3533 6860 #UTIL: 10448
279) 9690 #UTIL: 10444
280) 4991 8156 -1 4077 8926 -1 1868 2389 5116 #UTIL: 10438
281) 1720 2487 4540 -1 2049 2633 -1 3154 3195 4639 9605 -1 3889 7820 8657 -1 3533 6860 #UTIL: 10437
282) 4991 6155 -1 3000 3313 4077 8926 -1 2389 5116 #UTIL: 10437
283) 1720 2487 4540 -1 2049 2633 -1 3154 3195 4639 9605 -1 3889 7820 8657 -1 2937 6860 #UTIL: 10435
284) 880 2068 2862 2891 4800 6730 #UTIL: 10433
285) 1720 2487 -1 2049 2633 2999 -1 3154 3195 4639 9605 -1 3889 7820 8657 -1 2937 3533 6860 #UTIL: 10433
286) 2049 2633 -1 3154 3195 4639 9605 -1 3889 7820 8657 -1 2937 3533 6860 #UTIL: 10433
287) 1720 4540 -1 2049 2633 -1 3154 3195 9605 -1 3889 7820 8657 -1 2937 3533 6860 #UTIL: 10431
288) 1720 2487 4540 -1 2049 2633 2999 -1 3154 4639 9605 -1 3889 7820 8657 -1 3533 6860 #UTIL: 10425
289) 2049 2633 2999 -1 3154 4639 9605 -1 3889 7820 8657 -1 2937 3533 6860 #UTIL: 10425
290) 1720 2487 4540 -1 2049 2633 2999 -1 3154 4639 9605 -1 3889 7820 8657 -1 2937 6860 #UTIL: 10423
291) 1720 2487 4540 -1 2049 2633 2999 -1 3154 3195 4639 9605 -1 3889 7820 -1 3533 6860 #UTIL: 10422
292) 2049 2633 2999 -1 3154 3195 4639 9605 -1 3889 7820 -1 2937 3533 6860 #UTIL: 10422
293) 1720 2487 4540 -1 2049 2633 2999 -1 3154 3195 4639 9605 -1 3889 7820 -1 2937 6860 #UTIL: 10420
294) 1720 4540 -1 2049 2633 2999 -1 3154 9605 -1 3889 7820 8657 -1 2937 3533 6860 #UTIL: 10420
295) 1720 4540 -1 2049 2633 2999 -1 3154 3195 9605 -1 3889 7820 -1 2937 3533 6860 #UTIL: 10419
296) 1720 4540 -1 2049 2633 -1 3154 3195 4639 9605 -1 3889 8657 -1 2937 3533 6860 #UTIL: 10419
297) 3177 #UTIL: 10416
298) 4991 6155 -1 3000 4077 8926 -1 1868 2389 5116 #UTIL: 10412
299) 1720 4540 -1 2049 2633 2999 -1 3154 4639 9605 -1 3889 8657 -1 2937 3533 6860 #UTIL: 10408
300) 1720 2487 4540 -1 2633 -1 3154 3195 4639 9605 -1 3889 7820 8657 -1 2937 3533 6860 #UTIL: 10407
301) 1720 4540 -1 2049 2633 2999 -1 3154 3195 4639 9605 -1 3889 -1 2937 3533 6860 #UTIL: 10407
302) 4991 6155 8156 -1 3000 3313 4077 8926 #UTIL: 10399
303) 1720 2487 4540 -1 2633 2999 -1 3154 4639 9605 -1 3889 7820 8657 -1 2937 3533 6860 #UTIL: 10395
304) 4938 #UTIL: 10395
305) 4991 6155 -1 3313 4077 8926 -1 1868 2389 5116 #UTIL: 10395
306) 1720 2487 4540 -1 2633 2999 -1 3154 3195 4639 9605 -1 3889 7820 -1 2937 3533 6860 #UTIL: 10392
307) 1720 4540 -1 2049 2633 -1 3154 4639 9605 -1 3889 7820 -1 2937 3533 6860 #UTIL: 10392
308) 908 1724 5979 #UTIL: 10389
309) 1868 2389 5116 #UTIL: 10387
310) 1720 4540 -1 2049 2633 -1 3154 3195 4639 9605 -1 3889 7820 8657 -1 2937 6860 #UTIL: 10381
311) 1720 4540 -1 2049 2633 -1 3154 3195 4639 9605 -1 3889 7820 8657 -1 3533 6860 #UTIL: 10381
312) 1720 2487 4540 -1 2633 2999 -1 3154 3195 4639 9605 -1 3889 7820 8657 -1 3533 6860 #UTIL: 10380
313) 1720 -1 2049 2633 2999 -1 3154 3195 4639 9605 -1 3889 7820 8657 -1 2937 3533 6860 #UTIL: 10379
314) 721 #UTIL: 10377
315) 440 3250 #UTIL: 10376
316) 1428 2862 2891 4800 6730 #UTIL: 10374
317) 1720 4540 -1 2049 2633 2999 -1 3154 4639 9605 -1 3889 7820 8657 -1 2937 6860 #UTIL: 10370
318) 1720 4540 -1 2049 2633 2999 -1 3154 4639 9605 -1 3889 7820 8657 -1 3533 6860 #UTIL: 10370
319) 1720 4540 -1 2049 2633 2999 -1 3154 3195 4639 9605 -1 3889 7820 -1 2937 6860 #UTIL: 10369
320) 1720 4540 -1 2049 2633 2999 -1 3154 3195 4639 9605 -1 3889 7820 -1 3533 6860 #UTIL: 10369
321) 7629 #UTIL: 10368
322) 1720 2487 4540 -1 2049 2633 -1 3154 3195 4639 9605 -1 3889 7820 8657 #UTIL: 10359
323) 1720 2487 4540 -1 2049 2633 2999 -1 3154 3195 4639 9605 -1 3889 7820 8657 -1 6860 #UTIL: 10353
324) 4991 -1 3000 3313 4077 8926 -1 1868 2389 5116 #UTIL: 10353
325) 6941 #UTIL: 10352
326) 1720 2487 4540 -1 2049 2633 2999 -1 3154 4639 9605 -1 3889 7820 8657 #UTIL: 10351
327) 1720 4540 -1 2633 -1 3154 3195 4639 9605 -1 3889 7820 8657 -1 2937 3533 6860 #UTIL: 10347
328) 1720 2487 4540 -1 2049 2633 2999 -1 3154 3195 4639 9605 -1 3889 7820 #UTIL: 10344
329) 3195 4639 9605 #UTIL: 10340
330) 4991 6155 8156 -1 3000 3313 4077 -1 1868 2389 5116 #UTIL: 10340
331) 1720 4540 -1 2633 2999 -1 3154 4639 9605 -1 3889 7820 8657 -1 2937 3533 6860 #UTIL: 10336
332) 1720 4540 -1 2633 2999 -1 3154 3195 4639 9605 -1 3889 7820 -1 2937 3533 6860 #UTIL: 10335
333) 880 1428 2068 2862 2891 6730 #UTIL: 10333
334) 257 440 3250 5137 -1 9583 #UTIL: 10328
335) 2861 3094 #UTIL: 10324
336) 1720 4540 -1 2633 2999 -1 3154 3195 4639 9605 -1 3889 7820 8657 -1 3533 6860 #UTIL: 10317
337) 2712 #UTIL: 10316
338) 4730 8212 9551 #UTIL: 10300
339) 1720 2487 4540 -1 2049 2633 2999 -1 3154 3195 9605 -1 3889 8657 -1 2937 3533 6860 #UTIL: 10295
340) 1720 4540 -1 2049 2633 2999 -1 3154 3195 4639 9605 -1 3889 7820 8657 -1 6860 #UTIL: 10293
341) 1720 2487 4540 -1 2049 2633 -1 3154 9605 -1 3889 7820 8657 -1 2937 3533 6860 #UTIL: 10285
342) 1720 2487 4540 -1 2049 2633 -1 3154 3195 9605 -1 3889 7820 -1 2937 3533 6860 #UTIL: 10282
343) 1720 2487 4540 -1 2049 2633 2999 -1 3154 9605 -1 3889 7820 -1 2937 3533 6860 #UTIL: 10270
344) 1720 2487 4540 -1 2049 2633 -1 3154 4639 9605 -1 3889 8657 -1 2937 3533 6860 #UTIL: 10269
345) 1720 2487 4540 -1 2049 2633 -1 3154 3195 4639 9605 -1 3889 -1 2937 3533 6860 #UTIL: 10266
346) 2991 3149 5869 8337 9381 #UTIL: 10261
347) 1720 2487 4540 -1 2049 2633 2999 -1 3154 3195 9605 -1 3889 7820 8657 -1 3533 6860 #UTIL: 10259
348) 1720 2487 4540 -1 2049 2633 2999 -1 3154 3195 4639 9605 -1 7820 8657 -1 2937 3533 6860 #UTIL: 10259
349) 1720 2487 4540 -1 2049 2633 2999 -1 3154 3195 9605 -1 3889 7820 8657 -1 2937 6860 #UTIL: 10257
350) 3063 #UTIL: 10257
351) 9658 #UTIL: 10256
352) 930 9245 #UTIL: 10254
353) 1720 2487 4540 -1 2049 2633 2999 -1 3154 4639 9605 -1 3889 -1 2937 3533 6860 #UTIL: 10254
354) 4991 8156 -1 3000 4077 8926 -1 5116 #UTIL: 10251
355) 3337 #UTIL: 10248
356) 1720 4540 -1 2049 2633 -1 3154 3195 4639 9605 -1 3889 7820 8657 #UTIL: 10245
357) 1720 2487 4540 -1 2049 2633 2999 -1 3154 3195 4639 9605 -1 3889 8657 -1 3533 6860 #UTIL: 10243
358) 1720 2487 4540 -1 2049 2633 2999 -1 3154 3195 4639 9605 -1 3889 8657 -1 2937 6860 #UTIL: 10241
359) 1720 2487 -1 2049 2633 -1 3154 3195 4639 9605 -1 3889 7820 8657 -1 2937 3533 6860 #UTIL: 10241
360) 2049 2633 2999 -1 3154 3195 9605 -1 3889 7820 8657 -1 2937 3533 6860 #UTIL: 10240
361) 1720 2487 4540 -1 2633 2999 -1 3154 3195 4639 9605 -1 3889 7820 8657 #UTIL: 10239
362) 1720 4540 -1 2049 2633 2999 -1 3154 3195 9605 -1 3889 8657 -1 2937 3533 6860 #UTIL: 10238
363) 1720 4540 -1 2049 2633 2999 -1 3154 4639 9605 -1 3889 7820 8657 #UTIL: 10238
364) 1720 2487 4540 -1 2049 2633 2999 -1 3154 3195 4639 9605 -1 2937 3533 6860 #UTIL: 10235
365) 1720 2487 4540 -1 2049 2633 -1 3154 4639 9605 -1 3889 7820 8657 -1 3533 6860 #UTIL: 10233
366) 1720 4540 -1 2049 2633 2999 -1 3154 3195 4639 9605 -1 3889 7820 #UTIL: 10233
367) 1720 2487 4540 -1 2049 2633 -1 3154 4639 9605 -1 3889 7820 8657 -1 2937 6860 #UTIL: 10231
368) 1720 2487 4540 -1 2049 2633 -1 3154 3195 4639 9605 -1 3889 7820 -1 3533 6860 #UTIL: 10230
369) 1720 2487 4540 -1 2633 2999 -1 3154 3195 9605 -1 3889 7820 8657 -1 2937 3533 6860 #UTIL: 10229
370) 1720 2487 -1 2049 2633 2999 -1 3154 4639 9605 -1 3889 7820 8657 -1 2937 3533 6860 #UTIL: 10229
371) 1720 2487 4540 -1 2049 2633 -1 3154 3195 4639 9605 -1 3889 7820 -1 2937 6860 #UTIL: 10228
372) 8148 #UTIL: 10227
373) 1720 2487 -1 2049 2633 2999 -1 3154 3195 4639 9605 -1 3889 7820 -1 2937 3533 6860 #UTIL: 10226
374) 4991 6155 8156 -1 4077 8926 -1 5116 #UTIL: 10226
375) 5979 #UTIL: 10224
376) 1720 4540 -1 2049 2633 -1 3154 9605 -1 3889 7820 8657 -1 2937 3533 6860 #UTIL: 10223
377) 1720 4540 -1 2049 2633 -1 3154 3195 9605 -1 3889 7820 -1 2937 3533 6860 #UTIL: 10222
378) 1720 2487 4540 -1 2049 2633 2999 -1 3154 4639 9605 -1 3889 7820 -1 3533 6860 #UTIL: 10218
379) 1720 2487 4540 -1 2049 2633 2999 -1 3154 4639 9605 -1 3889 7820 -1 2937 6860 #UTIL: 10216
380) 2049 2633 2999 -1 3154 3195 4639 9605 -1 3889 8657 -1 2937 3533 6860 #UTIL: 10216
381) 814 #UTIL: 10215
382) 1720 2487 4540 -1 2633 2999 -1 3154 3195 4639 9605 -1 3889 8657 -1 2937 3533 6860 #UTIL: 10213
383) 1720 4540 -1 2049 2633 2999 -1 3154 9605 -1 3889 7820 -1 2937 3533 6860 #UTIL: 10211
384) 1720 4540 -1 2049 2633 -1 3154 4639 9605 -1 3889 8657 -1 2937 3533 6860 #UTIL: 10211
385) 1720 4540 -1 2049 2633 -1 3154 3195 4639 9605 -1 3889 -1 2937 3533 6860 #UTIL: 10210
386) 1720 2487 4540 -1 2633 -1 3154 4639 9605 -1 3889 7820 8657 -1 2937 3533 6860 #UTIL: 10203
387) 1720 4540 -1 2049 2633 2999 -1 3154 3195 4639 9605 -1 7820 8657 -1 2937 3533 6860 #UTIL: 10202
388) 2049 2633 -1 3154 4639 9605 -1 3889 7820 8657 -1 2937 3533 6860 #UTIL: 10202
389) 1720 2487 4540 -1 2633 -1 3154 3195 4639 9605 -1 3889 7820 -1 2937 3533 6860 #UTIL: 10200
390) 1720 4540 -1 2049 2633 2999 -1 3154 3195 9605 -1 3889 7820 8657 -1 2937 6860 #UTIL: 10200
391) 1720 4540 -1 2049 2633 2999 -1 3154 3195 9605 -1 3889 7820 8657 -1 3533 6860 #UTIL: 10200
392) 2926 4730 8212 9006 #UTIL: 10200
393) 1720 4540 -1 2049 2633 2999 -1 3154 4639 9605 -1 3889 -1 2937 3533 6860 #UTIL: 10199
394) 2049 2633 -1 3154 3195 4639 9605 -1 3889 7820 -1 2937 3533 6860 #UTIL: 10199
395) 2049 2633 2999 -1 3154 4639 9605 -1 3889 7820 -1 2937 3533 6860 #UTIL: 10191
396) 4991 6155 -1 3000 3313 4077 8926 -1 5116 #UTIL: 10191
397) 1720 2487 4540 -1 2633 2999 -1 3154 4639 9605 -1 3889 7820 -1 2937 3533 6860 #UTIL: 10188
398) 1720 4540 -1 2049 2633 2999 -1 3154 3195 4639 9605 -1 3889 8657 -1 2937 6860 #UTIL: 10188
399) 1720 4540 -1 2049 2633 2999 -1 3154 3195 4639 9605 -1 3889 8657 -1 3533 6860 #UTIL: 10188
400) 1720 2487 4540 -1 2633 -1 3154 3195 4639 9605 -1 3889 7820 8657 -1 3533 6860 #UTIL: 10183
