1) 17 -1 143 -1 253 #UTIL: 37800
2) 8 -1 17 -1 143 -1 253 #UTIL: 36506
3) 8 -1 17 -1 253 #UTIL: 36237
4) 17 -1 253 #UTIL: 35199
5) 17 -1 143 -1 245 -1 253 #UTIL: 34775
6) 17 -1 245 -1 253 #UTIL: 34563
7) 17 -1 18 -1 253 #UTIL: 33492
8) 17 -1 117 -1 143 -1 253 #UTIL: 33397
9) 17 -1 18 -1 143 -1 253 #UTIL: 33237
10) 8 -1 17 -1 245 -1 253 #UTIL: 32517
11) 8 -1 17 -1 117 -1 143 -1 253 #UTIL: 31767
12) 8 -1 17 -1 143 -1 245 -1 253 #UTIL: 31546
13) 17 -1 143 -1 245 #UTIL: 31481
14) 8 -1 17 -1 143 #UTIL: 31474
15) 17 -1 143 -1 144 -1 253 #UTIL: 31464
16) 17 -1 143 #UTIL: 30439
17) 8 -1 17 -1 18 -1 253 #UTIL: 30261
18) 17 -1 18 -1 245 -1 253 #UTIL: 29989
19) 17 -1 117 -1 143 -1 245 -1 253 #UTIL: 29903
20) 8 -1 17 #UTIL: 29844
21) 8 -1 9 -1 17 -1 143 -1 253 #UTIL: 29675
22) 8 -1 17 -1 117 -1 253 #UTIL: 29584
23) 8 -1 17 -1 143 -1 245 #UTIL: 29553
24) 17 -1 18 -1 143 #UTIL: 29548
25) 8 -1 9 -1 17 -1 253 #UTIL: 29354
26) 17 -1 117 -1 253 #UTIL: 29292
27) 8 -1 17 -1 245 #UTIL: 29282
28) 17 -1 18 -1 143 -1 245 -1 253 #UTIL: 29271
29) 17 -1 35 -1 143 -1 253 #UTIL: 29253
30) 17 -1 18 #UTIL: 29252
31) 17 -1 245 #UTIL: 29224
32) 8 -1 17 -1 18 -1 143 -1 253 #UTIL: 28763
33) 17 -1 35 -1 253 #UTIL: 28640
34) 8 -1 143 -1 253 #UTIL: 28630
35) 17 -1 26 -1 143 -1 253 #UTIL: 28628
36) 17 -1 143 -1 144 #UTIL: 28371
37) 17 -1 26 -1 253 #UTIL: 28273
38) 8 -1 17 -1 117 -1 143 #UTIL: 28240
39) 17 -1 117 -1 143 #UTIL: 28181
40) 8 -1 17 -1 35 -1 253 #UTIL: 28152
41) 17 -1 117 -1 143 -1 245 #UTIL: 28089
42) 17 -1 144 -1 253 #UTIL: 28048
43) 17 -1 18 -1 143 -1 245 #UTIL: 28002
44) 17 -1 143 -1 144 -1 245 -1 253 #UTIL: 27999
45) 17 -1 117 -1 245 -1 253 #UTIL: 27948
46) 17 -1 18 -1 245 #UTIL: 27944
47) 8 -1 17 -1 18 #UTIL: 27870
48) 8 -1 17 -1 143 -1 144 -1 253 #UTIL: 27797
49) 8 -1 143 -1 245 -1 253 #UTIL: 27792
50) 17 -1 18 -1 117 -1 143 -1 253 #UTIL: 27788
51) 8 -1 17 -1 26 -1 253 #UTIL: 27728
52) 17 -1 143 -1 144 -1 245 #UTIL: 27630
53) 9 -1 17 -1 143 -1 253 #UTIL: 27449
54) 8 -1 17 -1 35 -1 143 -1 253 #UTIL: 27411
55) 17 -1 117 -1 143 -1 144 -1 253 #UTIL: 27404
56) 8 -1 245 -1 253 #UTIL: 27400
57) 8 -1 17 -1 117 -1 143 -1 245 -1 253 #UTIL: 26899
58) 17 -1 118 -1 143 -1 253 #UTIL: 26776
59) 8 -1 17 -1 26 -1 143 -1 253 #UTIL: 26772
60) 17 -1 26 -1 245 -1 253 #UTIL: 26586
61) 8 -1 143 -1 144 -1 253 #UTIL: 26502
62) 17 -1 18 -1 143 -1 144 -1 253 #UTIL: 26469
63) 8 -1 9 -1 17 -1 18 -1 253 #UTIL: 26461
64) 8 -1 9 -1 143 -1 253 #UTIL: 26378
65) 8 -1 17 -1 117 -1 245 -1 253 #UTIL: 26297
66) 17 -1 118 -1 143 -1 144 -1 253 #UTIL: 26288
67) 8 -1 17 -1 18 -1 143 #UTIL: 26123
68) 18 -1 143 -1 253 #UTIL: 26119
69) 8 -1 9 -1 17 -1 245 -1 253 #UTIL: 26099
70) 17 -1 26 -1 143 -1 245 -1 253 #UTIL: 26036
71) 8 -1 17 -1 143 -1 144 #UTIL: 25978
72) 17 -1 144 -1 245 -1 253 #UTIL: 25960
73) 9 -1 17 -1 253 #UTIL: 25927
74) 8 -1 9 -1 17 -1 143 #UTIL: 25920
75) 8 -1 17 -1 117 -1 143 -1 245 #UTIL: 25865
76) 8 -1 17 -1 144 -1 253 #UTIL: 25775
77) 8 -1 17 -1 18 -1 245 -1 253 #UTIL: 25764
78) 17 -1 117 -1 143 -1 144 #UTIL: 25598
79) 17 #UTIL: 25522
80) 17 -1 117 -1 118 -1 143 -1 253 #UTIL: 25504
81) 17 -1 18 -1 144 -1 253 #UTIL: 25470
82) 8 -1 253 #UTIL: 25464
83) 8 -1 9 -1 17 -1 143 -1 245 -1 253 #UTIL: 25462
84) 17 -1 18 -1 117 -1 253 #UTIL: 25357
85) 17 -1 18 -1 143 -1 144 #UTIL: 25351
86) 8 -1 117 -1 143 -1 253 #UTIL: 25305
87) 18 -1 143 -1 245 -1 253 #UTIL: 25253
88) 17 -1 18 -1 117 -1 143 #UTIL: 25242
89) 17 -1 118 -1 143 -1 245 -1 253 #UTIL: 25232
90) 17 -1 35 -1 245 -1 253 #UTIL: 25222
91) 1 -1 143 -1 245 -1 253 #UTIL: 25177
92) 8 -1 9 -1 17 -1 117 -1 143 -1 253 #UTIL: 25133
93) 17 -1 35 -1 117 -1 143 -1 253 #UTIL: 25133
94) 17 -1 117 -1 118 -1 143 -1 144 -1 253 #UTIL: 25107
95) 8 -1 9 -1 17 -1 18 -1 143 -1 253 #UTIL: 25038
96) 8 -1 17 -1 117 #UTIL: 24938
97) 17 -1 118 -1 143 -1 144 #UTIL: 24937
98) 8 -1 17 -1 78 -1 253 #UTIL: 24904
99) 17 -1 35 -1 143 -1 245 -1 253 #UTIL: 24859
100) 17 -1 144 -1 245 #UTIL: 24857
101) 17 -1 35 -1 143 #UTIL: 24842
102) 8 -1 18 -1 253 #UTIL: 24809
103) 17 -1 26 -1 117 -1 143 -1 253 #UTIL: 24764
104) 17 -1 117 -1 245 #UTIL: 24762
105) 17 -1 118 -1 253 #UTIL: 24730
106) 8 -1 9 -1 17 #UTIL: 24705
107) 17 -1 118 -1 245 -1 253 #UTIL: 24684
108) 143 -1 245 -1 253 #UTIL: 24672
109) 17 -1 26 -1 143 -1 245 #UTIL: 24671
110) 8 -1 17 -1 35 #UTIL: 24643
111) 17 -1 26 -1 143 #UTIL: 24638
112) 8 -1 17 -1 35 -1 143 #UTIL: 24583
113) 18 -1 245 -1 253 #UTIL: 24562
114) 17 -1 78 -1 253 #UTIL: 24516
115) 8 -1 18 -1 143 -1 253 #UTIL: 24513
116) 9 -1 17 -1 18 -1 253 #UTIL: 24510
117) 8 -1 9 -1 143 -1 245 -1 253 #UTIL: 24495
118) 8 -1 17 -1 18 -1 245 #UTIL: 24492
119) 17 -1 78 -1 143 -1 253 #UTIL: 24446
120) 8 -1 9 -1 253 #UTIL: 24440
121) 17 -1 18 -1 117 -1 143 -1 245 -1 253 #UTIL: 24381
122) 8 -1 17 -1 117 -1 245 #UTIL: 24290
123) 8 -1 17 -1 118 -1 143 -1 253 #UTIL: 24258
124) 17 -1 26 -1 143 -1 144 -1 253 #UTIL: 24225
125) 8 -1 17 -1 26 -1 245 -1 253 #UTIL: 24190
126) 17 -1 117 -1 143 -1 144 -1 245 #UTIL: 24182
127) 17 -1 117 -1 118 -1 143 -1 144 #UTIL: 24173
128) 8 -1 9 -1 245 -1 253 #UTIL: 24164
129) 8 -1 17 -1 18 -1 143 -1 245 -1 253 #UTIL: 24163
130) 18 -1 253 #UTIL: 24150
131) 17 -1 118 -1 143 -1 245 #UTIL: 24135
132) 8 -1 17 -1 78 -1 143 -1 253 #UTIL: 24099
133) 8 -1 9 -1 17 -1 18 #UTIL: 24089
134) 8 -1 143 -1 144 -1 245 -1 253 #UTIL: 24084
135) 8 -1 17 -1 18 -1 117 -1 143 -1 253 #UTIL: 24081
136) 17 -1 144 #UTIL: 24049
137) 9 -1 17 -1 143 -1 245 -1 253 #UTIL: 24034
138) 17 -1 118 -1 143 -1 144 -1 245 #UTIL: 24028
139) 8 -1 17 -1 26 #UTIL: 24016
140) 8 -1 26 -1 143 -1 253 #UTIL: 23944
141) 9 -1 17 -1 245 -1 253 #UTIL: 23923
142) 8 -1 9 -1 17 -1 117 -1 253 #UTIL: 23907
143) 8 -1 17 -1 26 -1 143 #UTIL: 23875
144) 17 -1 18 -1 144 #UTIL: 23850
145) 17 -1 118 -1 144 -1 253 #UTIL: 23806
146) 9 -1 17 -1 18 -1 143 -1 253 #UTIL: 23796
147) 8 -1 9 -1 17 -1 143 -1 245 #UTIL: 23770
148) 17 -1 18 -1 117 -1 143 -1 245 #UTIL: 23767
149) 17 -1 117 -1 144 -1 253 #UTIL: 23722
150) 17 -1 117 -1 143 -1 144 -1 245 -1 253 #UTIL: 23664
151) 8 -1 35 -1 143 -1 253 #UTIL: 23648
152) 8 -1 17 -1 143 -1 144 -1 245 #UTIL: 23644
153) 17 -1 26 -1 245 #UTIL: 23623
154) 143 -1 144 -1 253 #UTIL: 23602
155) 17 -1 118 -1 143 #UTIL: 23596
156) 9 -1 17 -1 117 -1 143 -1 253 #UTIL: 23589
157) 17 -1 36 -1 143 -1 253 #UTIL: 23573
158) 17 -1 118 -1 143 -1 144 -1 245 -1 253 #UTIL: 23559
159) 17 -1 18 -1 118 -1 143 -1 253 #UTIL: 23537
160) 8 -1 17 -1 117 -1 143 -1 144 -1 253 #UTIL: 23532
161) 18 -1 143 -1 144 -1 253 #UTIL: 23518
162) 8 -1 117 -1 143 -1 245 -1 253 #UTIL: 23471
163) 17 -1 35 -1 143 -1 245 #UTIL: 23467
164) 8 -1 9 -1 17 -1 245 #UTIL: 23448
165) 8 -1 17 -1 143 -1 144 -1 245 -1 253 #UTIL: 23427
166) 8 -1 17 -1 144 #UTIL: 23418
167) 17 -1 117 -1 118 -1 143 -1 245 -1 253 #UTIL: 23413
168) 17 -1 117 -1 118 -1 253 #UTIL: 23376
169) 8 -1 144 -1 253 #UTIL: 23328
170) 8 -1 17 -1 118 -1 253 #UTIL: 23319
171) 8 -1 17 -1 35 -1 117 -1 143 -1 253 #UTIL: 23219
172) 17 -1 246 -1 253 #UTIL: 23206
173) 143 -1 144 -1 245 -1 253 #UTIL: 23187
174) 17 -1 143 -1 246 -1 253 #UTIL: 23177
175) 8 -1 17 -1 18 -1 143 -1 245 #UTIL: 23175
176) 8 -1 143 -1 245 #UTIL: 23156
177) 8 -1 17 -1 246 -1 253 #UTIL: 23114
178) 17 -1 27 -1 253 #UTIL: 23097
179) 17 -1 35 #UTIL: 23023
180) 17 -1 18 -1 143 -1 144 -1 245 #UTIL: 23017
181) 8 -1 17 -1 26 -1 117 -1 143 -1 253 #UTIL: 23012
182) 1 -1 143 -1 144 -1 253 #UTIL: 22988
183) 1 -1 17 -1 143 -1 253 #UTIL: 22977
184) 17 -1 19 -1 253 #UTIL: 22963
185) 17 -1 117 -1 118 -1 143 #UTIL: 22945
186) 8 -1 17 -1 35 -1 245 -1 253 #UTIL: 22932
187) 8 -1 17 -1 18 -1 117 -1 253 #UTIL: 22915
188) 17 -1 18 -1 117 -1 245 -1 253 #UTIL: 22862
189) 8 -1 17 -1 117 -1 118 -1 143 -1 253 #UTIL: 22860
190) 8 -1 118 -1 143 -1 144 -1 253 #UTIL: 22838
191) 17 -1 23 -1 253 #UTIL: 22823
192) 17 -1 35 -1 143 -1 144 -1 253 #UTIL: 22806
193) 17 -1 117 -1 118 -1 143 -1 245 #UTIL: 22802
194) 17 -1 26 #UTIL: 22794
195) 8 -1 9 -1 117 -1 143 -1 253 #UTIL: 22789
196) 17 -1 18 -1 144 -1 245 #UTIL: 22785
197) 17 -1 35 -1 117 -1 253 #UTIL: 22768
198) 1 -1 143 -1 253 #UTIL: 22740
199) 17 -1 117 -1 118 -1 143 -1 144 -1 245 #UTIL: 22738
200) 26 -1 143 -1 245 -1 253 #UTIL: 22727
