1) 17 -1 143 -1 253 #UTIL: 37800
2) 8 -1 17 -1 143 -1 253 #UTIL: 36506
3) 8 -1 17 -1 253 #UTIL: 36237
4) 17 -1 253 #UTIL: 35199
5) 17 -1 143 -1 245 -1 253 #UTIL: 34775
6) 17 -1 245 -1 253 #UTIL: 34563
7) 17 -1 18 -1 253 #UTIL: 33492
8) 17 -1 117 -1 143 -1 253 #UTIL: 33397
9) 17 -1 18 -1 143 -1 253 #UTIL: 33237
10) 8 -1 17 -1 245 -1 253 #UTIL: 32517
11) 8 -1 17 -1 117 -1 143 -1 253 #UTIL: 31767
12) 8 -1 17 -1 143 -1 245 -1 253 #UTIL: 31546
13) 17 -1 143 -1 245 #UTIL: 31481
14) 8 -1 17 -1 143 #UTIL: 31474
15) 17 -1 143 -1 144 -1 253 #UTIL: 31464
16) 17 -1 143 #UTIL: 30439
17) 8 -1 17 -1 18 -1 253 #UTIL: 30261
18) 17 -1 18 -1 245 -1 253 #UTIL: 29989
19) 17 -1 117 -1 143 -1 245 -1 253 #UTIL: 29903
20) 8 -1 17 #UTIL: 29844
21) 8 -1 9 -1 17 -1 143 -1 253 #UTIL: 29675
22) 8 -1 17 -1 117 -1 253 #UTIL: 29584
23) 8 -1 17 -1 143 -1 245 #UTIL: 29553
24) 17 -1 18 -1 143 #UTIL: 29548
25) 8 -1 9 -1 17 -1 253 #UTIL: 29354
26) 17 -1 117 -1 253 #UTIL: 29292
27) 8 -1 17 -1 245 #UTIL: 29282
28) 17 -1 18 -1 143 -1 245 -1 253 #UTIL: 29271
29) 17 -1 35 -1 143 -1 253 #UTIL: 29253
30) 17 -1 18 #UTIL: 29252
31) 17 -1 245 #UTIL: 29224
32) 8 -1 17 -1 18 -1 143 -1 253 #UTIL: 28763
33) 17 -1 35 -1 253 #UTIL: 28640
34) 8 -1 143 -1 253 #UTIL: 28630
35) 17 -1 26 -1 143 -1 253 #UTIL: 28628
36) 17 -1 143 -1 144 #UTIL: 28371
37) 17 -1 26 -1 253 #UTIL: 28273
38) 8 -1 17 -1 117 -1 143 #UTIL: 28240
39) 17 -1 117 -1 143 #UTIL: 28181
40) 8 -1 17 -1 35 -1 253 #UTIL: 28152
41) 17 -1 117 -1 143 -1 245 #UTIL: 28089
42) 17 -1 144 -1 253 #UTIL: 28048
43) 17 -1 18 -1 143 -1 245 #UTIL: 28002
44) 17 -1 143 -1 144 -1 245 -1 253 #UTIL: 27999
45) 17 -1 117 -1 245 -1 253 #UTIL: 27948
46) 17 -1 18 -1 245 #UTIL: 27944
47) 8 -1 17 -1 18 #UTIL: 27870
48) 8 -1 17 -1 143 -1 144 -1 253 #UTIL: 27797
49) 8 -1 143 -1 245 -1 253 #UTIL: 27792
50) 17 -1 18 -1 117 -1 143 -1 253 #UTIL: 27788
