1) 17 -1 143 -1 253 #UTIL: 37800
2) 8 -1 17 -1 143 -1 253 #UTIL: 36506
3) 8 -1 17 -1 253 #UTIL: 36237
4) 17 -1 253 #UTIL: 35199
5) 17 -1 143 -1 245 -1 253 #UTIL: 34775
6) 17 -1 245 -1 253 #UTIL: 34563
7) 17 -1 18 -1 253 #UTIL: 33492
8) 17 -1 117 -1 143 -1 253 #UTIL: 33397
9) 17 -1 18 -1 143 -1 253 #UTIL: 33237
10) 8 -1 17 -1 245 -1 253 #UTIL: 32517
11) 8 -1 17 -1 117 -1 143 -1 253 #UTIL: 31767
12) 8 -1 17 -1 143 -1 245 -1 253 #UTIL: 31546
13) 17 -1 143 -1 245 #UTIL: 31481
14) 8 -1 17 -1 143 #UTIL: 31474
15) 17 -1 143 -1 144 -1 253 #UTIL: 31464
16) 17 -1 143 #UTIL: 30439
17) 8 -1 17 -1 18 -1 253 #UTIL: 30261
18) 17 -1 18 -1 245 -1 253 #UTIL: 29989
19) 17 -1 117 -1 143 -1 245 -1 253 #UTIL: 29903
20) 8 -1 17 #UTIL: 29844
21) 8 -1 9 -1 17 -1 143 -1 253 #UTIL: 29675
22) 8 -1 17 -1 117 -1 253 #UTIL: 29584
23) 8 -1 17 -1 143 -1 245 #UTIL: 29553
24) 17 -1 18 -1 143 #UTIL: 29548
25) 8 -1 9 -1 17 -1 253 #UTIL: 29354
26) 17 -1 117 -1 253 #UTIL: 29292
27) 8 -1 17 -1 245 #UTIL: 29282
28) 17 -1 18 -1 143 -1 245 -1 253 #UTIL: 29271
29) 17 -1 35 -1 143 -1 253 #UTIL: 29253
30) 17 -1 18 #UTIL: 29252
31) 17 -1 245 #UTIL: 29224
32) 8 -1 17 -1 18 -1 143 -1 253 #UTIL: 28763
33) 17 -1 35 -1 253 #UTIL: 28640
34) 8 -1 143 -1 253 #UTIL: 28630
35) 17 -1 26 -1 143 -1 253 #UTIL: 28628
36) 17 -1 143 -1 144 #UTIL: 28371
37) 17 -1 26 -1 253 #UTIL: 28273
38) 8 -1 17 -1 117 -1 143 #UTIL: 28240
39) 17 -1 117 -1 143 #UTIL: 28181
40) 8 -1 17 -1 35 -1 253 #UTIL: 28152
41) 17 -1 117 -1 143 -1 245 #UTIL: 28089
42) 17 -1 144 -1 253 #UTIL: 28048
43) 17 -1 18 -1 143 -1 245 #UTIL: 28002
44) 17 -1 143 -1 144 -1 245 -1 253 #UTIL: 27999
45) 17 -1 117 -1 245 -1 253 #UTIL: 27948
46) 17 -1 18 -1 245 #UTIL: 27944
47) 8 -1 17 -1 18 #UTIL: 27870
48) 8 -1 17 -1 143 -1 144 -1 253 #UTIL: 27797
49) 8 -1 143 -1 245 -1 253 #UTIL: 27792
50) 17 -1 18 -1 117 -1 143 -1 253 #UTIL: 27788
51) 8 -1 17 -1 26 -1 253 #UTIL: 27728
52) 17 -1 143 -1 144 -1 245 #UTIL: 27630
53) 9 -1 17 -1 143 -1 253 #UTIL: 27449
54) 8 -1 17 -1 35 -1 143 -1 253 #UTIL: 27411
55) 17 -1 117 -1 143 -1 144 -1 253 #UTIL: 27404
56) 8 -1 245 -1 253 #UTIL: 27400
57) 8 -1 17 -1 117 -1 143 -1 245 -1 253 #UTIL: 26899
58) 17 -1 118 -1 143 -1 253 #UTIL: 26776
59) 8 -1 17 -1 26 -1 143 -1 253 #UTIL: 26772
60) 17 -1 26 -1 245 -1 253 #UTIL: 26586
61) 8 -1 143 -1 144 -1 253 #UTIL: 26502
62) 17 -1 18 -1 143 -1 144 -1 253 #UTIL: 26469
63) 8 -1 9 -1 17 -1 18 -1 253 #UTIL: 26461
64) 8 -1 9 -1 143 -1 253 #UTIL: 26378
65) 8 -1 17 -1 117 -1 245 -1 253 #UTIL: 26297
66) 17 -1 118 -1 143 -1 144 -1 253 #UTIL: 26288
67) 8 -1 17 -1 18 -1 143 #UTIL: 26123
68) 18 -1 143 -1 253 #UTIL: 26119
69) 8 -1 9 -1 17 -1 245 -1 253 #UTIL: 26099
70) 17 -1 26 -1 143 -1 245 -1 253 #UTIL: 26036
71) 8 -1 17 -1 143 -1 144 #UTIL: 25978
72) 17 -1 144 -1 245 -1 253 #UTIL: 25960
73) 9 -1 17 -1 253 #UTIL: 25927
74) 8 -1 9 -1 17 -1 143 #UTIL: 25920
75) 8 -1 17 -1 117 -1 143 -1 245 #UTIL: 25865
76) 8 -1 17 -1 144 -1 253 #UTIL: 25775
77) 8 -1 17 -1 18 -1 245 -1 253 #UTIL: 25764
78) 17 -1 117 -1 143 -1 144 #UTIL: 25598
79) 17 #UTIL: 25522
80) 17 -1 117 -1 118 -1 143 -1 253 #UTIL: 25504
81) 17 -1 18 -1 144 -1 253 #UTIL: 25470
82) 8 -1 253 #UTIL: 25464
83) 8 -1 9 -1 17 -1 143 -1 245 -1 253 #UTIL: 25462
84) 17 -1 18 -1 117 -1 253 #UTIL: 25357
85) 17 -1 18 -1 143 -1 144 #UTIL: 25351
86) 8 -1 117 -1 143 -1 253 #UTIL: 25305
87) 18 -1 143 -1 245 -1 253 #UTIL: 25253
88) 17 -1 18 -1 117 -1 143 #UTIL: 25242
89) 17 -1 118 -1 143 -1 245 -1 253 #UTIL: 25232
90) 17 -1 35 -1 245 -1 253 #UTIL: 25222
91) 1 -1 143 -1 245 -1 253 #UTIL: 25177
92) 8 -1 9 -1 17 -1 117 -1 143 -1 253 #UTIL: 25133
93) 17 -1 35 -1 117 -1 143 -1 253 #UTIL: 25133
94) 17 -1 117 -1 118 -1 143 -1 144 -1 253 #UTIL: 25107
95) 8 -1 9 -1 17 -1 18 -1 143 -1 253 #UTIL: 25038
96) 8 -1 17 -1 117 #UTIL: 24938
97) 17 -1 118 -1 143 -1 144 #UTIL: 24937
98) 8 -1 17 -1 78 -1 253 #UTIL: 24904
99) 17 -1 35 -1 143 -1 245 -1 253 #UTIL: 24859
100) 17 -1 144 -1 245 #UTIL: 24857