1) 17 -1 143 -1 253 #UTIL: 37800
2) 8 -1 17 -1 143 -1 253 #UTIL: 36506
3) 8 -1 17 -1 253 #UTIL: 36237
4) 17 -1 253 #UTIL: 35199
5) 17 -1 143 -1 245 -1 253 #UTIL: 34775
6) 17 -1 245 -1 253 #UTIL: 34563
7) 17 -1 18 -1 253 #UTIL: 33492
8) 17 -1 117 -1 143 -1 253 #UTIL: 33397
9) 17 -1 18 -1 143 -1 253 #UTIL: 33237
10) 8 -1 17 -1 245 -1 253 #UTIL: 32517
11) 8 -1 17 -1 117 -1 143 -1 253 #UTIL: 31767
12) 8 -1 17 -1 143 -1 245 -1 253 #UTIL: 31546
13) 17 -1 143 -1 245 #UTIL: 31481
14) 8 -1 17 -1 143 #UTIL: 31474
15) 17 -1 143 -1 144 -1 253 #UTIL: 31464
16) 17 -1 143 #UTIL: 30439
17) 8 -1 17 -1 18 -1 253 #UTIL: 30261
18) 17 -1 18 -1 245 -1 253 #UTIL: 29989
19) 17 -1 117 -1 143 -1 245 -1 253 #UTIL: 29903
20) 8 -1 17 #UTIL: 29844
21) 8 -1 9 -1 17 -1 143 -1 253 #UTIL: 29675
22) 8 -1 17 -1 117 -1 253 #UTIL: 29584
23) 8 -1 17 -1 143 -1 245 #UTIL: 29553
24) 17 -1 18 -1 143 #UTIL: 29548
25) 8 -1 9 -1 17 -1 253 #UTIL: 29354
26) 17 -1 117 -1 253 #UTIL: 29292
27) 8 -1 17 -1 245 #UTIL: 29282
28) 17 -1 18 -1 143 -1 245 -1 253 #UTIL: 29271
29) 17 -1 35 -1 143 -1 253 #UTIL: 29253
30) 17 -1 18 #UTIL: 29252
31) 17 -1 245 #UTIL: 29224
32) 8 -1 17 -1 18 -1 143 -1 253 #UTIL: 28763
33) 17 -1 35 -1 253 #UTIL: 28640
34) 8 -1 143 -1 253 #UTIL: 28630
35) 17 -1 26 -1 143 -1 253 #UTIL: 28628
36) 17 -1 143 -1 144 #UTIL: 28371
37) 17 -1 26 -1 253 #UTIL: 28273
38) 8 -1 17 -1 117 -1 143 #UTIL: 28240
39) 17 -1 117 -1 143 #UTIL: 28181
40) 8 -1 17 -1 35 -1 253 #UTIL: 28152
41) 17 -1 117 -1 143 -1 245 #UTIL: 28089
42) 17 -1 144 -1 253 #UTIL: 28048
43) 17 -1 18 -1 143 -1 245 #UTIL: 28002
44) 17 -1 143 -1 144 -1 245 -1 253 #UTIL: 27999
45) 17 -1 117 -1 245 -1 253 #UTIL: 27948
46) 17 -1 18 -1 245 #UTIL: 27944
47) 8 -1 17 -1 18 #UTIL: 27870
48) 8 -1 17 -1 143 -1 144 -1 253 #UTIL: 27797
49) 8 -1 143 -1 245 -1 253 #UTIL: 27792
50) 17 -1 18 -1 117 -1 143 -1 253 #UTIL: 27788
51) 8 -1 17 -1 26 -1 253 #UTIL: 27728
52) 17 -1 143 -1 144 -1 245 #UTIL: 27630
53) 9 -1 17 -1 143 -1 253 #UTIL: 27449
54) 8 -1 17 -1 35 -1 143 -1 253 #UTIL: 27411
55) 17 -1 117 -1 143 -1 144 -1 253 #UTIL: 27404
56) 8 -1 245 -1 253 #UTIL: 27400
57) 8 -1 17 -1 117 -1 143 -1 245 -1 253 #UTIL: 26899
58) 17 -1 118 -1 143 -1 253 #UTIL: 26776
59) 8 -1 17 -1 26 -1 143 -1 253 #UTIL: 26772
60) 17 -1 26 -1 245 -1 253 #UTIL: 26586
61) 8 -1 143 -1 144 -1 253 #UTIL: 26502
62) 17 -1 18 -1 143 -1 144 -1 253 #UTIL: 26469
63) 8 -1 9 -1 17 -1 18 -1 253 #UTIL: 26461
64) 8 -1 9 -1 143 -1 253 #UTIL: 26378
65) 8 -1 17 -1 117 -1 245 -1 253 #UTIL: 26297
66) 17 -1 118 -1 143 -1 144 -1 253 #UTIL: 26288
67) 8 -1 17 -1 18 -1 143 #UTIL: 26123
68) 18 -1 143 -1 253 #UTIL: 26119
69) 8 -1 9 -1 17 -1 245 -1 253 #UTIL: 26099
70) 17 -1 26 -1 143 -1 245 -1 253 #UTIL: 26036
71) 8 -1 17 -1 143 -1 144 #UTIL: 25978
72) 17 -1 144 -1 245 -1 253 #UTIL: 25960
73) 9 -1 17 -1 253 #UTIL: 25927
74) 8 -1 9 -1 17 -1 143 #UTIL: 25920
75) 8 -1 17 -1 117 -1 143 -1 245 #UTIL: 25865
76) 8 -1 17 -1 144 -1 253 #UTIL: 25775
77) 8 -1 17 -1 18 -1 245 -1 253 #UTIL: 25764
78) 17 -1 117 -1 143 -1 144 #UTIL: 25598
79) 17 #UTIL: 25522
80) 17 -1 117 -1 118 -1 143 -1 253 #UTIL: 25504
81) 17 -1 18 -1 144 -1 253 #UTIL: 25470
82) 8 -1 253 #UTIL: 25464
83) 8 -1 9 -1 17 -1 143 -1 245 -1 253 #UTIL: 25462
84) 17 -1 18 -1 117 -1 253 #UTIL: 25357
85) 17 -1 18 -1 143 -1 144 #UTIL: 25351
86) 8 -1 117 -1 143 -1 253 #UTIL: 25305
87) 18 -1 143 -1 245 -1 253 #UTIL: 25253
88) 17 -1 18 -1 117 -1 143 #UTIL: 25242
89) 17 -1 118 -1 143 -1 245 -1 253 #UTIL: 25232
90) 17 -1 35 -1 245 -1 253 #UTIL: 25222
91) 1 -1 143 -1 245 -1 253 #UTIL: 25177
92) 8 -1 9 -1 17 -1 117 -1 143 -1 253 #UTIL: 25133
93) 17 -1 35 -1 117 -1 143 -1 253 #UTIL: 25133
94) 17 -1 117 -1 118 -1 143 -1 144 -1 253 #UTIL: 25107
95) 8 -1 9 -1 17 -1 18 -1 143 -1 253 #UTIL: 25038
96) 8 -1 17 -1 117 #UTIL: 24938
97) 17 -1 118 -1 143 -1 144 #UTIL: 24937
98) 8 -1 17 -1 78 -1 253 #UTIL: 24904
99) 17 -1 35 -1 143 -1 245 -1 253 #UTIL: 24859
100) 17 -1 144 -1 245 #UTIL: 24857
101) 17 -1 35 -1 143 #UTIL: 24842
102) 8 -1 18 -1 253 #UTIL: 24809
103) 17 -1 26 -1 117 -1 143 -1 253 #UTIL: 24764
104) 17 -1 117 -1 245 #UTIL: 24762
105) 17 -1 118 -1 253 #UTIL: 24730
106) 8 -1 9 -1 17 #UTIL: 24705
107) 17 -1 118 -1 245 -1 253 #UTIL: 24684
108) 143 -1 245 -1 253 #UTIL: 24672
109) 17 -1 26 -1 143 -1 245 #UTIL: 24671
110) 8 -1 17 -1 35 #UTIL: 24643
111) 17 -1 26 -1 143 #UTIL: 24638
112) 8 -1 17 -1 35 -1 143 #UTIL: 24583
113) 18 -1 245 -1 253 #UTIL: 24562
114) 17 -1 78 -1 253 #UTIL: 24516
115) 8 -1 18 -1 143 -1 253 #UTIL: 24513
116) 9 -1 17 -1 18 -1 253 #UTIL: 24510
117) 8 -1 9 -1 143 -1 245 -1 253 #UTIL: 24495
118) 8 -1 17 -1 18 -1 245 #UTIL: 24492
119) 17 -1 78 -1 143 -1 253 #UTIL: 24446
120) 8 -1 9 -1 253 #UTIL: 24440
121) 17 -1 18 -1 117 -1 143 -1 245 -1 253 #UTIL: 24381
122) 8 -1 17 -1 117 -1 245 #UTIL: 24290
123) 8 -1 17 -1 118 -1 143 -1 253 #UTIL: 24258
124) 17 -1 26 -1 143 -1 144 -1 253 #UTIL: 24225
125) 8 -1 17 -1 26 -1 245 -1 253 #UTIL: 24190
126) 17 -1 117 -1 143 -1 144 -1 245 #UTIL: 24182
127) 17 -1 117 -1 118 -1 143 -1 144 #UTIL: 24173
128) 8 -1 9 -1 245 -1 253 #UTIL: 24164
129) 8 -1 17 -1 18 -1 143 -1 245 -1 253 #UTIL: 24163
130) 18 -1 253 #UTIL: 24150
131) 17 -1 118 -1 143 -1 245 #UTIL: 24135
132) 8 -1 17 -1 78 -1 143 -1 253 #UTIL: 24099
133) 8 -1 9 -1 17 -1 18 #UTIL: 24089
134) 8 -1 143 -1 144 -1 245 -1 253 #UTIL: 24084
135) 8 -1 17 -1 18 -1 117 -1 143 -1 253 #UTIL: 24081
136) 17 -1 144 #UTIL: 24049
137) 9 -1 17 -1 143 -1 245 -1 253 #UTIL: 24034
138) 17 -1 118 -1 143 -1 144 -1 245 #UTIL: 24028
139) 8 -1 17 -1 26 #UTIL: 24016
140) 8 -1 26 -1 143 -1 253 #UTIL: 23944
141) 9 -1 17 -1 245 -1 253 #UTIL: 23923
142) 8 -1 9 -1 17 -1 117 -1 253 #UTIL: 23907
143) 8 -1 17 -1 26 -1 143 #UTIL: 23875
144) 17 -1 18 -1 144 #UTIL: 23850
145) 17 -1 118 -1 144 -1 253 #UTIL: 23806
146) 9 -1 17 -1 18 -1 143 -1 253 #UTIL: 23796
147) 8 -1 9 -1 17 -1 143 -1 245 #UTIL: 23770
148) 17 -1 18 -1 117 -1 143 -1 245 #UTIL: 23767
149) 17 -1 117 -1 144 -1 253 #UTIL: 23722
150) 17 -1 117 -1 143 -1 144 -1 245 -1 253 #UTIL: 23664
151) 8 -1 35 -1 143 -1 253 #UTIL: 23648
152) 8 -1 17 -1 143 -1 144 -1 245 #UTIL: 23644
153) 17 -1 26 -1 245 #UTIL: 23623
154) 143 -1 144 -1 253 #UTIL: 23602
155) 17 -1 118 -1 143 #UTIL: 23596
156) 9 -1 17 -1 117 -1 143 -1 253 #UTIL: 23589
157) 17 -1 36 -1 143 -1 253 #UTIL: 23573
158) 17 -1 118 -1 143 -1 144 -1 245 -1 253 #UTIL: 23559
159) 17 -1 18 -1 118 -1 143 -1 253 #UTIL: 23537
160) 8 -1 17 -1 117 -1 143 -1 144 -1 253 #UTIL: 23532
161) 18 -1 143 -1 144 -1 253 #UTIL: 23518
162) 8 -1 117 -1 143 -1 245 -1 253 #UTIL: 23471
163) 17 -1 35 -1 143 -1 245 #UTIL: 23467
164) 8 -1 9 -1 17 -1 245 #UTIL: 23448
165) 8 -1 17 -1 143 -1 144 -1 245 -1 253 #UTIL: 23427
166) 8 -1 17 -1 144 #UTIL: 23418
167) 17 -1 117 -1 118 -1 143 -1 245 -1 253 #UTIL: 23413
168) 17 -1 117 -1 118 -1 253 #UTIL: 23376
169) 8 -1 144 -1 253 #UTIL: 23328
170) 8 -1 17 -1 118 -1 253 #UTIL: 23319
171) 8 -1 17 -1 35 -1 117 -1 143 -1 253 #UTIL: 23219
172) 17 -1 246 -1 253 #UTIL: 23206
173) 143 -1 144 -1 245 -1 253 #UTIL: 23187
174) 17 -1 143 -1 246 -1 253 #UTIL: 23177
175) 8 -1 17 -1 18 -1 143 -1 245 #UTIL: 23175
176) 8 -1 143 -1 245 #UTIL: 23156
177) 8 -1 17 -1 246 -1 253 #UTIL: 23114
178) 17 -1 27 -1 253 #UTIL: 23097
179) 17 -1 35 #UTIL: 23023
180) 17 -1 18 -1 143 -1 144 -1 245 #UTIL: 23017
181) 8 -1 17 -1 26 -1 117 -1 143 -1 253 #UTIL: 23012
182) 1 -1 143 -1 144 -1 253 #UTIL: 22988
183) 1 -1 17 -1 143 -1 253 #UTIL: 22977
184) 17 -1 19 -1 253 #UTIL: 22963
185) 17 -1 117 -1 118 -1 143 #UTIL: 22945
186) 8 -1 17 -1 35 -1 245 -1 253 #UTIL: 22932
187) 8 -1 17 -1 18 -1 117 -1 253 #UTIL: 22915
188) 17 -1 18 -1 117 -1 245 -1 253 #UTIL: 22862
189) 8 -1 17 -1 117 -1 118 -1 143 -1 253 #UTIL: 22860
190) 8 -1 118 -1 143 -1 144 -1 253 #UTIL: 22838
191) 17 -1 23 -1 253 #UTIL: 22823
192) 17 -1 35 -1 143 -1 144 -1 253 #UTIL: 22806
193) 17 -1 117 -1 118 -1 143 -1 245 #UTIL: 22802
194) 17 -1 26 #UTIL: 22794
195) 8 -1 9 -1 117 -1 143 -1 253 #UTIL: 22789
196) 17 -1 18 -1 144 -1 245 #UTIL: 22785
197) 17 -1 35 -1 117 -1 253 #UTIL: 22768
198) 1 -1 143 -1 253 #UTIL: 22740
199) 17 -1 117 -1 118 -1 143 -1 144 -1 245 #UTIL: 22738
200) 26 -1 143 -1 245 -1 253 #UTIL: 22727
201) 8 -1 9 -1 17 -1 18 -1 245 -1 253 #UTIL: 22702
202) 8 -1 9 -1 143 -1 144 -1 253 #UTIL: 22698
203) 17 -1 26 -1 143 -1 144 #UTIL: 22697
204) 17 -1 26 -1 117 -1 253 #UTIL: 22672
205) 17 -1 118 -1 245 #UTIL: 22669
206) 18 -1 117 -1 143 -1 253 #UTIL: 22658
207) 17 -1 110 -1 143 -1 253 #UTIL: 22653
208) 8 -1 117 -1 143 -1 144 -1 253 #UTIL: 22651
209) 8 -1 17 -1 26 -1 143 -1 245 -1 253 #UTIL: 22642
210) 8 -1 18 -1 245 -1 253 #UTIL: 22642
211) 1 -1 245 -1 253 #UTIL: 22608
212) 8 -1 26 -1 253 #UTIL: 22608
213) 8 -1 9 -1 17 -1 18 -1 143 #UTIL: 22607
214) 8 -1 17 -1 117 -1 143 -1 144 #UTIL: 22602
215) 1 -1 143 -1 144 -1 245 -1 253 #UTIL: 22592
216) 8 -1 26 -1 143 -1 245 -1 253 #UTIL: 22532
217) 8 -1 9 -1 17 -1 117 -1 143 #UTIL: 22521
218) 17 -1 117 -1 118 -1 245 -1 253 #UTIL: 22506
219) 17 -1 18 -1 144 -1 245 -1 253 #UTIL: 22497
220) 17 -1 36 -1 253 #UTIL: 22487
221) 17 -1 27 -1 143 -1 253 #UTIL: 22478
222) 17 -1 18 -1 35 -1 253 #UTIL: 22477
223) 17 -1 19 #UTIL: 22476
224) 9 -1 17 -1 143 -1 144 -1 253 #UTIL: 22471
225) 17 -1 117 #UTIL: 22468
226) 9 -1 17 -1 143 #UTIL: 22460
227) 8 -1 26 -1 245 -1 253 #UTIL: 22448
228) 26 -1 143 -1 144 -1 253 #UTIL: 22441
229) 17 -1 78 -1 79 -1 253 #UTIL: 22437
230) 8 -1 17 -1 118 -1 143 -1 144 -1 253 #UTIL: 22433
231) 8 -1 143 -1 144 -1 245 #UTIL: 22426
232) 8 -1 9 -1 18 -1 253 #UTIL: 22419
233) 17 -1 18 -1 143 -1 144 -1 245 -1 253 #UTIL: 22411
234) 17 -1 35 -1 245 #UTIL: 22406
235) 8 -1 144 -1 245 -1 253 #UTIL: 22389
236) 8 -1 17 -1 118 -1 143 -1 245 -1 253 #UTIL: 22388
237) 17 -1 18 -1 118 -1 253 #UTIL: 22383
238) 17 -1 26 -1 117 -1 143 -1 245 -1 253 #UTIL: 22368
239) 8 -1 17 -1 118 -1 245 -1 253 #UTIL: 22353
240) 17 -1 117 -1 118 -1 144 -1 253 #UTIL: 22350
241) 17 -1 18 -1 35 -1 143 -1 253 #UTIL: 22327
242) 8 -1 17 -1 26 -1 245 #UTIL: 22316
243) 8 -1 17 -1 144 -1 245 -1 253 #UTIL: 22289
244) 8 -1 17 -1 18 -1 117 -1 143 #UTIL: 22288
245) 8 -1 9 -1 17 -1 143 -1 144 -1 253 #UTIL: 22270
246) 117 -1 143 -1 245 -1 253 #UTIL: 22249
247) 17 -1 18 -1 26 -1 253 #UTIL: 22194
248) 8 -1 17 -1 118 -1 143 #UTIL: 22189
249) 17 -1 35 -1 117 -1 143 #UTIL: 22186
250) 17 -1 118 -1 144 -1 245 -1 253 #UTIL: 22179
251) 8 -1 9 -1 17 -1 35 -1 253 #UTIL: 22178
252) 17 -1 118 -1 144 -1 245 #UTIL: 22166
253) 17 -1 78 -1 79 -1 143 -1 253 #UTIL: 22163
254) 17 -1 26 -1 117 -1 143 #UTIL: 22154
255) 9 -1 143 -1 245 -1 253 #UTIL: 22146
256) 17 -1 27 -1 245 -1 253 #UTIL: 22146
257) 8 -1 35 -1 253 #UTIL: 22136
258) 8 -1 17 -1 144 -1 245 #UTIL: 22132
259) 8 -1 143 -1 144 #UTIL: 22108
260) 8 -1 17 -1 78 -1 143 #UTIL: 22102
261) 8 -1 17 -1 26 -1 117 -1 253 #UTIL: 22094
262) 17 -1 18 -1 26 -1 143 -1 253 #UTIL: 22088
263) 8 -1 17 -1 117 -1 118 -1 253 #UTIL: 22081
264) 8 -1 26 -1 143 -1 144 -1 253 #UTIL: 22044
265) 17 -1 28 -1 253 #UTIL: 22038
266) 8 -1 17 -1 78 #UTIL: 22013
267) 17 -1 18 -1 117 #UTIL: 22013
268) 17 -1 18 -1 118 -1 143 #UTIL: 22007
269) 17 -1 110 -1 117 -1 143 -1 253 #UTIL: 21972
270) 8 -1 17 -1 35 -1 117 -1 253 #UTIL: 21958
271) 17 -1 26 -1 144 -1 253 #UTIL: 21953
272) 17 -1 117 -1 118 -1 143 -1 144 -1 245 -1 253 #UTIL: 21952
273) 8 -1 17 -1 143 -1 246 -1 253 #UTIL: 21945
274) 18 -1 143 -1 245 #UTIL: 21937
275) 8 -1 17 -1 18 -1 143 -1 144 -1 253 #UTIL: 21917
276) 8 -1 17 -1 35 -1 143 -1 245 -1 253 #UTIL: 21912
277) 8 -1 118 -1 143 -1 253 #UTIL: 21912
278) 17 -1 118 -1 144 #UTIL: 21909
279) 17 -1 26 -1 117 -1 143 -1 245 #UTIL: 21898
280) 17 -1 26 -1 143 -1 144 -1 245 #UTIL: 21893
281) 17 -1 18 -1 117 -1 143 -1 144 -1 253 #UTIL: 21873
282) 8 -1 18 -1 143 -1 245 -1 253 #UTIL: 21858
283) 118 -1 143 -1 144 -1 253 #UTIL: 21855
284) 17 -1 110 -1 143 -1 245 -1 253 #UTIL: 21826
285) 8 -1 17 -1 118 -1 143 -1 144 #UTIL: 21822
286) 17 -1 27 -1 143 -1 245 -1 253 #UTIL: 21815
287) 8 -1 17 -1 26 -1 143 -1 245 #UTIL: 21812
288) 17 -1 18 -1 117 -1 118 -1 143 -1 253 #UTIL: 21807
289) 8 -1 17 -1 118 -1 143 -1 245 #UTIL: 21779
290) 8 -1 9 -1 18 -1 143 -1 253 #UTIL: 21774
291) 17 -1 139 -1 143 -1 253 #UTIL: 21729
292) 9 -1 143 -1 144 -1 253 #UTIL: 21695
293) 1 -1 17 -1 253 #UTIL: 21689
294) 8 -1 9 -1 17 -1 35 -1 143 -1 253 #UTIL: 21689
295) 143 -1 253 #UTIL: 21677
296) 8 -1 9 -1 17 -1 26 -1 253 #UTIL: 21676
297) 17 -1 110 -1 139 -1 143 -1 253 #UTIL: 21676
298) 8 -1 17 -1 27 -1 253 #UTIL: 21634
299) 8 -1 117 -1 118 -1 143 -1 144 -1 253 #UTIL: 21631
300) 17 -1 26 -1 117 -1 245 -1 253 #UTIL: 21631
301) 8 -1 17 -1 18 -1 144 -1 253 #UTIL: 21627
302) 17 -1 18 -1 117 -1 245 #UTIL: 21622
303) 8 -1 17 -1 35 -1 245 #UTIL: 21595
304) 8 -1 17 -1 26 -1 143 -1 144 -1 253 #UTIL: 21582
305) 26 -1 143 -1 144 -1 245 -1 253 #UTIL: 21575
306) 26 -1 143 -1 253 #UTIL: 21562
307) 9 -1 143 -1 253 #UTIL: 21560
308) 9 -1 17 -1 18 #UTIL: 21556
309) 8 -1 17 -1 36 -1 253 #UTIL: 21554
310) 17 -1 26 -1 143 -1 144 -1 245 -1 253 #UTIL: 21541
311) 9 -1 17 -1 143 -1 245 #UTIL: 21536
312) 8 -1 9 -1 17 -1 117 -1 143 -1 245 -1 253 #UTIL: 21479
313) 35 -1 143 -1 245 -1 253 #UTIL: 21442
314) 9 -1 17 -1 117 -1 253 #UTIL: 21416
315) 8 -1 17 -1 36 -1 143 -1 253 #UTIL: 21414
316) 17 -1 78 -1 143 #UTIL: 21410
317) 8 -1 78 -1 143 -1 253 #UTIL: 21395
318) 117 -1 143 -1 144 -1 253 #UTIL: 21386
319) 8 -1 9 -1 17 -1 117 -1 245 -1 253 #UTIL: 21383
320) 8 -1 17 -1 35 -1 143 -1 245 #UTIL: 21377
321) 8 -1 117 -1 245 -1 253 #UTIL: 21371
322) 8 -1 17 -1 35 -1 117 -1 143 #UTIL: 21361
323) 17 -1 35 -1 143 -1 144 #UTIL: 21358
324) 8 -1 118 -1 143 -1 245 -1 253 #UTIL: 21354
325) 17 -1 78 -1 117 -1 143 -1 253 #UTIL: 21348
326) 245 -1 253 #UTIL: 21336
327) 17 -1 139 -1 143 -1 245 -1 253 #UTIL: 21328
328) 8 -1 36 -1 143 -1 253 #UTIL: 21305
329) 35 -1 143 -1 253 #UTIL: 21301
330) 17 -1 110 -1 139 -1 143 -1 245 -1 253 #UTIL: 21299
331) 17 -1 18 -1 117 -1 143 -1 144 #UTIL: 21297
332) 117 -1 118 -1 143 -1 144 -1 253 #UTIL: 21280
333) 18 -1 144 -1 253 #UTIL: 21271
334) 17 -1 117 -1 144 -1 245 -1 253 #UTIL: 21269
335) 8 -1 9 -1 143 -1 245 #UTIL: 21258
336) 8 -1 17 -1 117 -1 118 -1 143 #UTIL: 21255
337) 17 -1 47 -1 253 #UTIL: 21237
338) 18 -1 117 -1 143 -1 245 -1 253 #UTIL: 21229
339) 17 -1 117 -1 144 #UTIL: 21226
340) 8 -1 35 -1 143 -1 245 -1 253 #UTIL: 21225
341) 17 -1 36 -1 143 -1 245 -1 253 #UTIL: 21209
342) 17 -1 23 #UTIL: 21208
343) 118 -1 143 -1 144 -1 245 -1 253 #UTIL: 21186
344) 8 -1 17 -1 117 -1 118 -1 143 -1 144 -1 253 #UTIL: 21142
345) 17 -1 117 -1 144 -1 245 #UTIL: 21125
346) 8 -1 17 -1 18 -1 143 -1 144 #UTIL: 21124
347) 8 -1 17 -1 117 -1 144 -1 253 #UTIL: 21114
348) 8 -1 9 -1 17 -1 18 -1 143 -1 245 -1 253 #UTIL: 21101
349) 8 -1 9 -1 17 -1 18 -1 245 #UTIL: 21101
350) 8 -1 17 -1 118 -1 245 #UTIL: 21100
351) 8 -1 17 -1 19 #UTIL: 21093
352) 1 -1 118 -1 143 -1 144 -1 253 #UTIL: 21081
353) 8 -1 9 -1 17 -1 144 -1 253 #UTIL: 21078
354) 17 -1 18 -1 118 -1 143 -1 144 -1 253 #UTIL: 21076
355) 8 -1 17 -1 26 -1 117 -1 143 #UTIL: 21065
356) 8 -1 17 -1 78 -1 79 -1 253 #UTIL: 21050
357) 17 -1 117 -1 118 -1 245 #UTIL: 21045
358) 17 -1 18 -1 246 -1 253 #UTIL: 21039
359) 8 -1 117 -1 253 #UTIL: 21024
360) 8 -1 17 -1 110 -1 143 -1 253 #UTIL: 21022
361) 17 -1 117 -1 139 -1 143 -1 253 #UTIL: 20999
362) 8 -1 9 -1 17 -1 26 -1 143 -1 253 #UTIL: 20993
363) 17 -1 47 #UTIL: 20984
364) 1 -1 17 -1 143 -1 245 -1 253 #UTIL: 20979
365) 17 -1 36 -1 245 -1 253 #UTIL: 20976
366) 9 -1 17 -1 18 -1 143 #UTIL: 20965
367) 26 -1 245 -1 253 #UTIL: 20964
368) 18 -1 143 -1 144 -1 245 -1 253 #UTIL: 20955
369) 8 -1 78 -1 253 #UTIL: 20946
370) 35 -1 143 -1 144 -1 253 #UTIL: 20943
371) 17 -1 26 -1 117 -1 143 -1 144 -1 253 #UTIL: 20937
372) 8 -1 35 -1 245 -1 253 #UTIL: 20920
373) 8 -1 18 -1 117 -1 143 -1 253 #UTIL: 20916
374) 8 -1 26 -1 117 -1 143 -1 253 #UTIL: 20884
375) 17 -1 35 -1 144 -1 253 #UTIL: 20881
376) 17 -1 26 -1 35 -1 253 #UTIL: 20856
377) 8 -1 17 -1 117 -1 118 -1 143 -1 144 #UTIL: 20844
378) 17 -1 110 -1 117 -1 139 -1 143 -1 253 #UTIL: 20836
379) 17 -1 117 -1 118 -1 144 #UTIL: 20820
380) 27 -1 143 -1 245 -1 253 #UTIL: 20815
381) 8 -1 17 -1 19 -1 253 #UTIL: 20801
382) 8 -1 9 -1 17 -1 143 -1 144 #UTIL: 20790
383) 9 -1 17 -1 18 -1 245 -1 253 #UTIL: 20779
384) 17 -1 31 -1 253 #UTIL: 20776
385) 17 -1 18 -1 27 -1 253 #UTIL: 20763
386) 17 -1 35 -1 78 -1 253 #UTIL: 20735
387) 17 -1 18 -1 118 -1 143 -1 144 #UTIL: 20725
388) 47 -1 253 #UTIL: 20718
389) 8 -1 9 -1 17 -1 18 -1 117 -1 143 -1 253 #UTIL: 20712
390) 8 -1 17 -1 118 -1 144 -1 253 #UTIL: 20702
391) 17 -1 18 -1 117 -1 118 -1 143 #UTIL: 20699
392) 8 -1 17 -1 18 -1 144 #UTIL: 20697
393) 17 -1 28 -1 143 -1 253 #UTIL: 20691
394) 17 -1 110 -1 117 -1 143 -1 245 -1 253 #UTIL: 20680
395) 1 -1 118 -1 143 -1 245 -1 253 #UTIL: 20671
396) 17 -1 133 -1 143 -1 253 #UTIL: 20661
397) 8 -1 245 #UTIL: 20656
398) 17 -1 18 -1 118 -1 143 -1 245 -1 253 #UTIL: 20653
399) 8 -1 117 -1 118 -1 143 -1 253 #UTIL: 20639
400) 17 -1 18 -1 35 #UTIL: 20638
401) 118 -1 143 -1 245 -1 253 #UTIL: 20611
402) 8 -1 17 -1 18 -1 117 #UTIL: 20605
403) 18 -1 143 -1 144 #UTIL: 20604
404) 8 -1 118 -1 143 -1 144 -1 245 -1 253 #UTIL: 20598
405) 17 -1 18 -1 118 -1 143 -1 245 #UTIL: 20595
406) 17 -1 110 -1 143 -1 245 #UTIL: 20592
407) 1 -1 17 -1 18 -1 143 -1 253 #UTIL: 20582
408) 27 -1 143 -1 144 -1 253 #UTIL: 20562
409) 1 -1 17 -1 245 -1 253 #UTIL: 20557
410) 1 -1 118 -1 143 -1 144 -1 245 -1 253 #UTIL: 20556
411) 9 -1 245 -1 253 #UTIL: 20556
412) 8 -1 17 -1 117 -1 118 -1 143 -1 245 -1 253 #UTIL: 20555
413) 17 -1 18 -1 35 -1 143 #UTIL: 20555
414) 8 -1 17 -1 117 -1 118 -1 245 -1 253 #UTIL: 20545
415) 17 -1 18 -1 117 -1 118 -1 253 #UTIL: 20543
416) 8 -1 9 -1 117 -1 143 -1 245 -1 253 #UTIL: 20532
417) 9 -1 17 -1 144 -1 253 #UTIL: 20532
418) 17 -1 35 -1 117 -1 143 -1 245 -1 253 #UTIL: 20527
419) 17 -1 110 -1 139 -1 143 -1 245 #UTIL: 20523
420) 17 -1 26 -1 118 -1 143 -1 144 -1 253 #UTIL: 20522
421) 17 -1 35 -1 118 -1 143 -1 253 #UTIL: 20522
422) 8 -1 17 -1 26 -1 143 -1 144 #UTIL: 20516
423) 8 -1 17 -1 35 -1 78 -1 253 #UTIL: 20516
424) 17 -1 118 -1 139 -1 143 -1 144 -1 253 #UTIL: 20496
425) 17 -1 27 -1 143 -1 245 #UTIL: 20493
426) 117 -1 143 -1 253 #UTIL: 20486
427) 8 -1 17 -1 79 -1 253 #UTIL: 20483
428) 1 -1 143 -1 144 -1 245 #UTIL: 20471
429) 8 -1 17 -1 18 -1 117 -1 143 -1 245 -1 253 #UTIL: 20468
430) 17 -1 79 -1 143 -1 253 #UTIL: 20464
431) 8 -1 17 -1 118 #UTIL: 20462
432) 9 -1 17 -1 117 -1 143 -1 245 -1 253 #UTIL: 20462
433) 8 -1 17 -1 118 -1 143 -1 144 -1 245 #UTIL: 20450
434) 17 -1 26 -1 118 -1 143 -1 253 #UTIL: 20447
435) 8 -1 9 -1 144 -1 253 #UTIL: 20441
436) 1 -1 17 -1 18 -1 253 #UTIL: 20439
437) 143 -1 144 -1 245 #UTIL: 20432
438) 117 -1 143 -1 144 -1 245 -1 253 #UTIL: 20431
439) 17 -1 118 #UTIL: 20426
440) 8 -1 118 -1 143 -1 144 #UTIL: 20421
441) 8 -1 9 -1 17 -1 117 #UTIL: 20413
442) 8 -1 9 -1 17 -1 117 -1 143 -1 245 #UTIL: 20412
443) 8 -1 17 -1 78 -1 79 -1 143 -1 253 #UTIL: 20396
444) 17 -1 35 -1 78 -1 143 -1 253 #UTIL: 20392
445) 8 -1 35 -1 143 -1 144 -1 253 #UTIL: 20385
446) 17 -1 110 -1 143 -1 144 -1 253 #UTIL: 20378
447) 17 -1 110 -1 118 -1 143 -1 144 -1 253 #UTIL: 20376
448) 17 -1 26 -1 35 -1 143 -1 253 #UTIL: 20364
449) 8 -1 17 -1 26 -1 144 -1 253 #UTIL: 20351
450) 9 -1 17 -1 245 #UTIL: 20349
451) 17 -1 18 -1 118 -1 245 -1 253 #UTIL: 20349
452) 18 -1 143 -1 144 -1 245 #UTIL: 20349
453) 8 -1 17 -1 133 -1 143 -1 253 #UTIL: 20347
454) 8 -1 17 -1 23 #UTIL: 20340
455) 8 -1 117 -1 143 -1 245 #UTIL: 20339
456) 8 -1 17 -1 117 -1 118 -1 143 -1 245 #UTIL: 20322
457) 8 -1 18 -1 143 #UTIL: 20311
458) 1 -1 144 -1 245 -1 253 #UTIL: 20303
459) 8 -1 17 -1 78 -1 117 -1 143 -1 253 #UTIL: 20303
460) 17 -1 139 -1 143 -1 144 -1 253 #UTIL: 20299
461) 17 -1 117 -1 118 -1 144 -1 245 #UTIL: 20298
462) 8 -1 9 -1 26 -1 143 -1 253 #UTIL: 20294
463) 8 -1 28 -1 253 #UTIL: 20291
464) 9 -1 17 -1 35 -1 143 -1 253 #UTIL: 20291
465) 17 -1 18 -1 118 #UTIL: 20279
466) 17 -1 78 -1 79 -1 143 #UTIL: 20271
467) 17 -1 78 #UTIL: 20261
468) 17 -1 139 -1 143 -1 245 #UTIL: 20250
469) 8 -1 17 -1 110 -1 117 -1 143 -1 253 #UTIL: 20247
470) 8 -1 9 -1 35 -1 143 -1 253 #UTIL: 20237
471) 9 -1 143 -1 144 -1 245 -1 253 #UTIL: 20236
472) 17 -1 26 -1 117 -1 143 -1 144 #UTIL: 20232
473) 36 -1 143 -1 245 -1 253 #UTIL: 20216
474) 8 -1 17 -1 31 -1 253 #UTIL: 20211
475) 8 -1 35 -1 117 -1 143 -1 253 #UTIL: 20207
476) 17 -1 110 -1 245 -1 253 #UTIL: 20194
477) 8 -1 118 -1 245 -1 253 #UTIL: 20186
478) 8 -1 17 -1 26 -1 35 -1 253 #UTIL: 20185
479) 144 -1 245 -1 253 #UTIL: 20179
480) 9 -1 17 -1 143 -1 144 #UTIL: 20170
481) 17 -1 18 -1 118 -1 144 -1 253 #UTIL: 20161
482) 17 -1 26 -1 117 -1 245 #UTIL: 20160
483) 17 -1 79 -1 253 #UTIL: 20148
484) 17 -1 35 -1 36 -1 143 -1 253 #UTIL: 20146
485) 17 -1 35 -1 117 -1 143 -1 245 #UTIL: 20142
486) 9 -1 17 -1 35 -1 253 #UTIL: 20134
487) 8 -1 17 -1 28 -1 253 #UTIL: 20133
488) 8 -1 118 -1 143 -1 144 -1 245 #UTIL: 20133
489) 8 -1 18 -1 143 -1 144 -1 253 #UTIL: 20117
490) 17 -1 117 -1 139 -1 143 -1 245 -1 253 #UTIL: 20112
491) 17 -1 117 -1 118 -1 144 -1 245 -1 253 #UTIL: 20108
492) 8 -1 9 -1 143 -1 144 -1 245 -1 253 #UTIL: 20099
493) 8 -1 17 -1 79 -1 143 -1 253 #UTIL: 20095
494) 17 -1 18 -1 26 -1 245 -1 253 #UTIL: 20094
495) 8 -1 144 -1 245 #UTIL: 20087
496) 17 -1 26 -1 144 -1 245 -1 253 #UTIL: 20075
497) 17 -1 78 -1 79 -1 117 -1 143 -1 253 #UTIL: 20073
498) 8 -1 9 -1 117 -1 253 #UTIL: 20062
499) 8 -1 118 -1 144 -1 253 #UTIL: 20049
500) 8 -1 18 #UTIL: 20045