1) 356 -1 10 #UTIL: 487130
2) 356 -1 10 -1 10 #UTIL: 458826
3) 356 -1 10 -1 46 #UTIL: 449780
4) 356 -1 10 -1 46 -1 10 #UTIL: 416620
5) 10 -1 10 #UTIL: 399830
6) 10 -1 46 #UTIL: 397600
7) 10 -1 46 -1 10 #UTIL: 396036
8) 356 -1 31 #UTIL: 388720
9) 38 #UTIL: 383488
10) 356 -1 38 #UTIL: 381853
11) 356 -1 10 -1 31 #UTIL: 374200
12) 356 -1 46 -1 10 #UTIL: 365870
13) 356 -1 46 #UTIL: 354452
14) 356 -1 10 -1 10 -1 10 #UTIL: 352824
15) 356 -1 10 -1 10 -1 46 #UTIL: 350804
16) 10 #UTIL: 349794
17) 356 -1 31 -1 10 #UTIL: 330548
18) 10 -1 10 -1 46 #UTIL: 324026
19) 10 -1 10 -1 10 #UTIL: 319828
20) 38 -1 10 #UTIL: 319346
21) 356 -1 10 -1 31 -1 10 #UTIL: 315150
22) 46 -1 10 #UTIL: 313310
23) 356 -1 10 -1 46 -1 10 -1 46 #UTIL: 312308
24) 10 -1 31 #UTIL: 311698
25) 356 -1 38 -1 10 #UTIL: 311255
26) 356 #UTIL: 308444
27) 31 -1 10 #UTIL: 305258
28) 10 -1 46 -1 10 -1 46 #UTIL: 300634
29) 356 -1 10 -1 46 -1 10 -1 10 #UTIL: 297702
30) 356 -1 10 -1 10 -1 46 -1 10 #UTIL: 294676
31) 356 -1 46 -1 10 -1 46 #UTIL: 292764
32) 10 -1 31 -1 10 #UTIL: 285988
33) 10 -1 46 -1 10 -1 10 #UTIL: 281458
34) 10 -1 10 -1 46 -1 10 #UTIL: 279346
35) 356 -1 10 -1 46 -1 31 #UTIL: 278600
36) 356 -1 46 -1 10 -1 10 #UTIL: 277884
37) 356 -1 10 -1 10 -1 31 #UTIL: 276862
38) 356 -1 10 -1 46 -1 46 #UTIL: 274868
39) 41 #UTIL: 273600
40) 31 #UTIL: 273326
41) 46 -1 10 -1 46 #UTIL: 267638
42) 356 -1 10 -1 38 #UTIL: 267247
43) 10 -1 38 #UTIL: 266869
44) 356 -1 738 -1 10 #UTIL: 258915
45) 15 #UTIL: 258000
46) 356 -1 31 -1 31 #UTIL: 257414
47) 356 -1 46 -1 31 #UTIL: 256920
48) 356 -1 10 -1 10 -1 10 -1 46 #UTIL: 251622
49) 10 -1 46 -1 46 #UTIL: 249756
50) 46 -1 10 -1 10 #UTIL: 249318
51) 356 -1 10 -1 10 -1 10 -1 10 #UTIL: 249224
52) 356 -1 10 -1 46 -1 10 -1 46 -1 10 #UTIL: 248442
53) 10 -1 46 -1 31 #UTIL: 247260
54) 356 -1 31 -1 10 -1 46 #UTIL: 247062
55) 356 -1 46 -1 46 #UTIL: 246056
56) 31 -1 10 -1 46 #UTIL: 244910
57) 356 -1 41 #UTIL: 243896
58) 10 -1 10 -1 31 #UTIL: 243704
59) 356 -1 738 -1 10 -1 10 #UTIL: 243421
60) 356 -1 46 -1 10 -1 46 -1 10 #UTIL: 242646
61) 10 -1 46 -1 10 -1 46 -1 10 #UTIL: 240124
62) 46 #UTIL: 239856
63) 38 -1 10 -1 46 #UTIL: 238754
64) 356 -1 31 -1 10 -1 10 #UTIL: 235804
65) 356 -1 738 -1 10 -1 46 #UTIL: 234290
66) 10 -1 10 -1 10 -1 46 #UTIL: 233968
67) 31 -1 10 -1 10 #UTIL: 233778
68) 356 -1 10 -1 10 -1 31 -1 10 #UTIL: 231250
69) 356 -1 31 -1 46 #UTIL: 231010
70) 10 -1 406 #UTIL: 229764
71) 356 -1 10 -1 46 -1 10 -1 31 #UTIL: 229494
72) 10 -1 10 -1 10 -1 10 #UTIL: 229220
73) 356 -1 38 -1 10 -1 46 #UTIL: 228815
74) 356 -1 15 #UTIL: 228614
75) 356 -1 10 -1 46 -1 46 -1 10 #UTIL: 228584
76) 46 -1 10 -1 46 -1 10 #UTIL: 227968
77) 356 -1 10 -1 406 #UTIL: 226532
78) 31 -1 38 #UTIL: 226476
79) 356 -1 22 #UTIL: 223845
80) 31 -1 31 #UTIL: 222592
81) 356 -1 10 -1 46 -1 10 -1 10 -1 46 #UTIL: 222456
82) 356 -1 10 -1 31 -1 10 -1 46 #UTIL: 222452
83) 356 -1 10 -1 46 -1 31 -1 10 #UTIL: 221170
84) 356 -1 10 -1 31 -1 31 #UTIL: 219250
85) 356 -1 10 -1 31 -1 10 -1 10 #UTIL: 218992
86) 356 -1 46 -1 10 -1 31 #UTIL: 218498
87) 10 -1 38 -1 10 #UTIL: 218220
88) 356 -1 738 -1 10 -1 46 -1 10 #UTIL: 218069
89) 356 -1 10 -1 38 -1 10 #UTIL: 217208
90) 356 -1 46 -1 46 -1 10 #UTIL: 215252
91) 356 -1 10 -1 31 -1 46 #UTIL: 213986
92) 38 -1 46 #UTIL: 213884
93) 10 -1 10 -1 31 -1 10 #UTIL: 213686
94) 10 -1 46 -1 10 -1 10 -1 46 #UTIL: 213408
95) 10 -1 46 -1 46 -1 10 #UTIL: 212338
96) 38 -1 10 -1 10 #UTIL: 212223
97) 356 -1 46 -1 10 -1 10 -1 46 #UTIL: 212068
98) 10 -1 46 -1 10 -1 31 #UTIL: 211480
99) 356 -1 38 -1 46 #UTIL: 211225
100) 356 -1 738 -1 31 #UTIL: 210128