1) 356 -1 10 #UTIL: 487130
2) 356 -1 10 -1 10 #UTIL: 458826
3) 356 -1 10 -1 46 #UTIL: 449780
4) 356 -1 10 -1 46 -1 10 #UTIL: 416620
5) 10 -1 10 #UTIL: 399830
6) 10 -1 46 #UTIL: 397600
7) 10 -1 46 -1 10 #UTIL: 396036
8) 356 -1 31 #UTIL: 388720
9) 38 #UTIL: 383488
10) 356 -1 38 #UTIL: 381853
11) 356 -1 10 -1 31 #UTIL: 374200
12) 356 -1 46 -1 10 #UTIL: 365870
13) 356 -1 46 #UTIL: 354452
14) 356 -1 10 -1 10 -1 10 #UTIL: 352824
15) 356 -1 10 -1 10 -1 46 #UTIL: 350804
16) 10 #UTIL: 349794
17) 356 -1 31 -1 10 #UTIL: 330548
18) 10 -1 10 -1 46 #UTIL: 324026
19) 10 -1 10 -1 10 #UTIL: 319828
20) 38 -1 10 #UTIL: 319346
21) 356 -1 10 -1 31 -1 10 #UTIL: 315150
22) 46 -1 10 #UTIL: 313310
23) 356 -1 10 -1 46 -1 10 -1 46 #UTIL: 312308
24) 10 -1 31 #UTIL: 311698
25) 356 -1 38 -1 10 #UTIL: 311255
26) 356 #UTIL: 308444
27) 31 -1 10 #UTIL: 305258
28) 10 -1 46 -1 10 -1 46 #UTIL: 300634
29) 356 -1 10 -1 46 -1 10 -1 10 #UTIL: 297702
30) 356 -1 10 -1 10 -1 46 -1 10 #UTIL: 294676
31) 356 -1 46 -1 10 -1 46 #UTIL: 292764
32) 10 -1 31 -1 10 #UTIL: 285988
33) 10 -1 46 -1 10 -1 10 #UTIL: 281458
34) 10 -1 10 -1 46 -1 10 #UTIL: 279346
35) 356 -1 10 -1 46 -1 31 #UTIL: 278600
36) 356 -1 46 -1 10 -1 10 #UTIL: 277884
37) 356 -1 10 -1 10 -1 31 #UTIL: 276862
38) 356 -1 10 -1 46 -1 46 #UTIL: 274868
39) 41 #UTIL: 273600
40) 31 #UTIL: 273326
41) 46 -1 10 -1 46 #UTIL: 267638
42) 356 -1 10 -1 38 #UTIL: 267247
43) 10 -1 38 #UTIL: 266869
44) 356 -1 738 -1 10 #UTIL: 258915
45) 15 #UTIL: 258000
46) 356 -1 31 -1 31 #UTIL: 257414
47) 356 -1 46 -1 31 #UTIL: 256920
48) 356 -1 10 -1 10 -1 10 -1 46 #UTIL: 251622
49) 10 -1 46 -1 46 #UTIL: 249756
50) 46 -1 10 -1 10 #UTIL: 249318
51) 356 -1 10 -1 10 -1 10 -1 10 #UTIL: 249224
52) 356 -1 10 -1 46 -1 10 -1 46 -1 10 #UTIL: 248442
53) 10 -1 46 -1 31 #UTIL: 247260
54) 356 -1 31 -1 10 -1 46 #UTIL: 247062
55) 356 -1 46 -1 46 #UTIL: 246056
56) 31 -1 10 -1 46 #UTIL: 244910
57) 356 -1 41 #UTIL: 243896
58) 10 -1 10 -1 31 #UTIL: 243704
59) 356 -1 738 -1 10 -1 10 #UTIL: 243421
60) 356 -1 46 -1 10 -1 46 -1 10 #UTIL: 242646
61) 10 -1 46 -1 10 -1 46 -1 10 #UTIL: 240124
62) 46 #UTIL: 239856
63) 38 -1 10 -1 46 #UTIL: 238754
64) 356 -1 31 -1 10 -1 10 #UTIL: 235804
65) 356 -1 738 -1 10 -1 46 #UTIL: 234290
66) 10 -1 10 -1 10 -1 46 #UTIL: 233968
67) 31 -1 10 -1 10 #UTIL: 233778
68) 356 -1 10 -1 10 -1 31 -1 10 #UTIL: 231250
69) 356 -1 31 -1 46 #UTIL: 231010
70) 10 -1 406 #UTIL: 229764
71) 356 -1 10 -1 46 -1 10 -1 31 #UTIL: 229494
72) 10 -1 10 -1 10 -1 10 #UTIL: 229220
73) 356 -1 38 -1 10 -1 46 #UTIL: 228815
74) 356 -1 15 #UTIL: 228614
75) 356 -1 10 -1 46 -1 46 -1 10 #UTIL: 228584
76) 46 -1 10 -1 46 -1 10 #UTIL: 227968
77) 356 -1 10 -1 406 #UTIL: 226532
78) 31 -1 38 #UTIL: 226476
79) 356 -1 22 #UTIL: 223845
80) 31 -1 31 #UTIL: 222592
81) 356 -1 10 -1 46 -1 10 -1 10 -1 46 #UTIL: 222456
82) 356 -1 10 -1 31 -1 10 -1 46 #UTIL: 222452
83) 356 -1 10 -1 46 -1 31 -1 10 #UTIL: 221170
84) 356 -1 10 -1 31 -1 31 #UTIL: 219250
85) 356 -1 10 -1 31 -1 10 -1 10 #UTIL: 218992
86) 356 -1 46 -1 10 -1 31 #UTIL: 218498
87) 10 -1 38 -1 10 #UTIL: 218220
88) 356 -1 738 -1 10 -1 46 -1 10 #UTIL: 218069
89) 356 -1 10 -1 38 -1 10 #UTIL: 217208
90) 356 -1 46 -1 46 -1 10 #UTIL: 215252
91) 356 -1 10 -1 31 -1 46 #UTIL: 213986
92) 38 -1 46 #UTIL: 213884
93) 10 -1 10 -1 31 -1 10 #UTIL: 213686
94) 10 -1 46 -1 10 -1 10 -1 46 #UTIL: 213408
95) 10 -1 46 -1 46 -1 10 #UTIL: 212338
96) 38 -1 10 -1 10 #UTIL: 212223
97) 356 -1 46 -1 10 -1 10 -1 46 #UTIL: 212068
98) 10 -1 46 -1 10 -1 31 #UTIL: 211480
99) 356 -1 38 -1 46 #UTIL: 211225
100) 356 -1 738 -1 31 #UTIL: 210128
101) 356 -1 38 -1 10 -1 10 #UTIL: 210095
102) 356 -1 31 -1 38 #UTIL: 209360
103) 356 -1 10 -1 10 -1 46 -1 10 -1 46 #UTIL: 209128
104) 356 -1 10 -1 46 -1 10 -1 10 -1 10 #UTIL: 207046
105) 356 -1 46 -1 31 -1 10 #UTIL: 206804
106) 356 -1 738 -1 10 -1 31 #UTIL: 206679
107) 10 -1 31 -1 10 -1 46 #UTIL: 206490
108) 356 -1 10 -1 10 -1 10 -1 46 -1 10 #UTIL: 205636
109) 31 -1 46 #UTIL: 204884
110) 46 -1 31 #UTIL: 204756
111) 10 -1 46 -1 31 -1 10 #UTIL: 204516
112) 31 -1 10 -1 46 -1 10 #UTIL: 203734
113) 10 -1 31 -1 10 -1 10 #UTIL: 202460
114) 46 -1 46 #UTIL: 201318
115) 356 -1 10 -1 10 -1 46 -1 10 -1 10 #UTIL: 200096
116) 356 -1 38 -1 31 #UTIL: 200071
117) 356 -1 46 -1 10 -1 10 -1 10 #UTIL: 198844
118) 10 -1 10 -1 46 -1 10 -1 46 #UTIL: 198494
119) 46 -1 10 -1 10 -1 46 #UTIL: 197102
120) 356 -1 31 -1 10 -1 46 -1 10 #UTIL: 196382
121) 10 -1 46 -1 10 -1 10 -1 10 #UTIL: 194836
122) 38 -1 31 #UTIL: 194723
123) 10 -1 10 -1 10 -1 46 -1 10 #UTIL: 194378
124) 356 -1 406 #UTIL: 193296
125) 356 -1 738 -1 46 -1 10 #UTIL: 191892
126) 46 -1 10 -1 31 #UTIL: 190698
127) 356 -1 738 -1 10 -1 10 -1 10 #UTIL: 190523
128) 356 -1 10 -1 10 -1 46 -1 46 #UTIL: 190384
129) 46 -1 46 -1 10 #UTIL: 190036
130) 10 -1 31 -1 31 #UTIL: 189154
131) 356 -1 31 -1 46 -1 10 #UTIL: 189110
132) 356 -1 738 -1 46 #UTIL: 188799
133) 10 -1 31 -1 46 #UTIL: 188562
134) 738 -1 10 -1 10 #UTIL: 187479
135) 356 -1 719 #UTIL: 187117
136) 10 -1 10 -1 46 -1 10 -1 10 #UTIL: 187058
137) 356 -1 31 -1 10 -1 31 #UTIL: 185488
138) 31 -1 46 -1 10 #UTIL: 185070
139) 356 -1 22 -1 10 #UTIL: 184605
140) 356 -1 31 -1 31 -1 10 #UTIL: 184510
141) 356 -1 738 -1 10 -1 10 -1 46 #UTIL: 183994
142) 356 -1 738 #UTIL: 183841
143) 356 -1 10 -1 46 -1 10 -1 31 -1 10 #UTIL: 183598
144) 356 -1 10 -1 10 -1 46 -1 31 #UTIL: 182790
145) 356 -1 10 -1 22 #UTIL: 182498
146) 356 -1 10 -1 10 -1 10 -1 31 #UTIL: 182242
147) 719 #UTIL: 181854
148) 38 -1 10 -1 46 -1 10 #UTIL: 181393
149) 46 -1 10 -1 10 -1 10 #UTIL: 180930
150) 406 #UTIL: 180558
151) 738 -1 10 -1 46 #UTIL: 180462
152) 356 -1 46 -1 38 #UTIL: 180311
153) 46 -1 31 -1 10 #UTIL: 180194
154) 356 -1 10 -1 46 -1 10 -1 10 -1 46 -1 10 #UTIL: 180148
155) 738 -1 10 -1 46 -1 10 #UTIL: 180128
156) 356 -1 10 -1 46 -1 38 #UTIL: 179570
157) 31 -1 10 -1 31 #UTIL: 178666
158) 10 -1 46 -1 38 #UTIL: 177930
159) 356 -1 8 #UTIL: 177764
160) 356 -1 10 -1 46 -1 10 -1 46 -1 10 -1 46 #UTIL: 177358
161) 356 -1 738 -1 31 -1 10 #UTIL: 176767
162) 356 -1 46 -1 10 -1 31 -1 10 #UTIL: 176546
163) 356 -1 10 -1 10 -1 38 #UTIL: 176440
164) 356 -1 38 -1 10 -1 46 -1 10 #UTIL: 175823
165) 356 -1 10 -1 31 -1 10 -1 46 -1 10 #UTIL: 175392
166) 22 #UTIL: 175281
167) 356 -1 46 -1 10 -1 10 -1 46 -1 10 #UTIL: 174888
168) 356 -1 46 -1 10 -1 46 -1 10 -1 46 #UTIL: 174850
169) 46 -1 38 #UTIL: 174430
170) 10 -1 10 -1 46 -1 46 #UTIL: 174306
171) 10 -1 46 -1 10 -1 31 -1 10 #UTIL: 173980
172) 31 -1 31 -1 10 #UTIL: 173908
173) 356 -1 10 -1 31 -1 46 -1 10 #UTIL: 173746
174) 356 -1 738 -1 38 #UTIL: 173414
175) 10 -1 10 -1 38 #UTIL: 173332
176) 356 -1 10 -1 10 -1 10 -1 10 -1 10 #UTIL: 173162
177) 738 -1 10 #UTIL: 173127
178) 356 -1 10 -1 46 -1 31 -1 10 -1 46 #UTIL: 173074
179) 356 -1 10 -1 10 -1 10 -1 10 -1 46 #UTIL: 172942
180) 10 -1 46 -1 10 -1 10 -1 46 -1 10 #UTIL: 172802
181) 356 -1 10 -1 46 -1 31 -1 46 #UTIL: 171468
182) 356 -1 10 -1 46 -1 46 -1 10 -1 46 #UTIL: 170990
183) 10 -1 46 -1 10 -1 46 -1 10 -1 46 #UTIL: 170706
184) 356 -1 738 -1 10 -1 31 -1 10 #UTIL: 169951
185) 356 -1 10 -1 10 -1 46 -1 10 -1 46 -1 10 #UTIL: 167644
186) 356 -1 10 -1 31 -1 10 -1 31 #UTIL: 167334
187) 356 -1 10 -1 46 -1 10 -1 46 -1 46 #UTIL: 167268
188) 356 -1 61 #UTIL: 166904
189) 10 -1 31 -1 10 -1 46 -1 10 #UTIL: 166232
190) 31 -1 38 -1 10 #UTIL: 166193
191) 10 -1 10 -1 46 -1 31 #UTIL: 165552
192) 38 -1 46 -1 10 #UTIL: 165234
193) 46 -1 10 -1 46 -1 10 -1 46 #UTIL: 164942
194) 10 -1 10 -1 10 -1 31 #UTIL: 164600
195) 356 -1 46 -1 46 -1 10 -1 46 #UTIL: 164496
196) 356 -1 10 -1 46 -1 10 -1 46 -1 10 -1 10 #UTIL: 164474
197) 356 -1 46 -1 31 -1 10 -1 46 #UTIL: 164162
198) 46 -1 10 -1 10 -1 46 -1 10 #UTIL: 164038
199) 356 -1 38 -1 46 -1 10 #UTIL: 164009
200) 10 -1 46 -1 31 -1 10 -1 46 #UTIL: 163466
201) 41 -1 10 #UTIL: 162540
202) 356 -1 46 -1 31 -1 46 #UTIL: 162472
203) 356 -1 10 -1 10 -1 31 -1 10 -1 10 #UTIL: 162320
204) 22 -1 10 #UTIL: 162309
205) 356 -1 46 -1 10 -1 46 -1 10 -1 10 #UTIL: 161956
206) 356 -1 46 -1 10 -1 46 -1 46 #UTIL: 161818
207) 10 -1 10 -1 10 -1 10 -1 46 #UTIL: 161724
208) 356 -1 738 -1 10 -1 46 -1 10 -1 46 #UTIL: 161595
209) 46 -1 10 -1 31 -1 10 #UTIL: 161558
210) 10 -1 46 -1 46 -1 10 -1 46 #UTIL: 160586
211) 356 -1 10 -1 10 -1 31 -1 10 -1 46 #UTIL: 160546
212) 10 -1 10 -1 10 -1 10 -1 10 #UTIL: 160484
213) 356 -1 10 -1 31 -1 31 -1 10 #UTIL: 160436
214) 356 -1 738 -1 10 -1 46 -1 10 -1 10 #UTIL: 159727
215) 38 -1 38 #UTIL: 159628
216) 10 -1 31 -1 46 -1 10 #UTIL: 159614
217) 356 -1 8 -1 10 #UTIL: 159426
218) 10 -1 22 #UTIL: 159310
219) 10 -1 10 -1 46 -1 10 -1 46 -1 10 #UTIL: 159174
220) 31 -1 10 -1 10 -1 46 #UTIL: 159132
221) 10 -1 38 -1 10 -1 46 #UTIL: 159031
222) 10 -1 10 -1 406 #UTIL: 158960
223) 31 -1 10 -1 10 -1 10 #UTIL: 158378
224) 356 -1 31 -1 10 -1 10 -1 10 #UTIL: 158194
225) 738 -1 10 -1 31 #UTIL: 158146
226) 356 -1 31 -1 10 -1 10 -1 46 #UTIL: 157656
227) 10 -1 46 -1 31 -1 46 #UTIL: 157472
228) 356 -1 738 -1 10 -1 10 -1 46 -1 10 #UTIL: 157378
229) 10 -1 46 -1 10 -1 46 -1 46 #UTIL: 157110
230) 356 -1 10 -1 46 -1 46 -1 46 #UTIL: 156760
231) 356 -1 10 -1 38 -1 10 -1 46 #UTIL: 156664
232) 356 -1 10 -1 31 -1 38 #UTIL: 156570
233) 10 -1 15 #UTIL: 156400
234) 738 -1 10 -1 10 -1 10 #UTIL: 156108
235) 356 -1 10 -1 10 -1 31 -1 46 #UTIL: 155986
236) 356 -1 10 -1 10 -1 406 #UTIL: 155772
237) 356 -1 10 -1 10 -1 46 -1 46 -1 10 #UTIL: 155738
238) 10 -1 46 -1 10 -1 46 -1 10 -1 10 #UTIL: 155466
239) 356 -1 738 -1 10 -1 10 -1 31 #UTIL: 155318
240) 10 -1 31 -1 38 #UTIL: 155186
241) 10 -1 41 #UTIL: 154927
242) 356 -1 738 -1 10 -1 46 -1 31 #UTIL: 154289
243) 356 -1 38 -1 38 #UTIL: 153388
244) 356 -1 10 -1 46 -1 10 -1 46 -1 31 #UTIL: 153386
245) 356 -1 10 -1 46 -1 31 -1 10 -1 10 #UTIL: 153018
246) 356 -1 10 -1 8 #UTIL: 152962
247) 356 -1 10 -1 46 -1 46 -1 10 -1 10 #UTIL: 152938
248) 10 -1 10 -1 31 -1 10 -1 10 #UTIL: 152814
249) 356 -1 10 -1 10 -1 10 -1 31 -1 10 #UTIL: 152600
250) 356 -1 10 -1 46 -1 31 -1 31 #UTIL: 152254
251) 356 -1 31 -1 38 -1 10 #UTIL: 152133
252) 356 -1 38 -1 10 -1 31 #UTIL: 151963
253) 356 -1 31 -1 31 -1 31 #UTIL: 151920
254) 10 -1 31 -1 10 -1 31 #UTIL: 151592
255) 738 -1 10 -1 10 -1 46 #UTIL: 151087
256) 10 -1 10 -1 31 -1 10 -1 46 #UTIL: 150970
257) 356 -1 46 -1 10 -1 46 -1 31 #UTIL: 150922
258) 356 -1 738 -1 46 -1 10 -1 46 #UTIL: 150686
259) 356 -1 31 -1 10 -1 31 -1 10 #UTIL: 150242
260) 46 -1 46 -1 10 -1 46 #UTIL: 150006
261) 46 -1 10 -1 46 -1 10 -1 10 #UTIL: 149958
262) 31 -1 10 -1 31 -1 10 #UTIL: 149764
263) 46 -1 31 -1 10 -1 46 #UTIL: 149706
264) 356 -1 10 -1 10 -1 31 -1 31 #UTIL: 149292
265) 356 -1 738 -1 46 -1 10 -1 10 #UTIL: 148814
266) 38 -1 10 -1 31 #UTIL: 148293
267) 356 -1 738 -1 38 -1 10 #UTIL: 147786
268) 356 -1 46 -1 46 -1 46 #UTIL: 147690
269) 356 -1 10 -1 10 -1 46 -1 10 -1 10 -1 46 #UTIL: 147436
270) 46 -1 10 -1 46 -1 46 #UTIL: 147350
271) 356 -1 46 -1 46 -1 10 -1 10 #UTIL: 147326
272) 356 -1 10 -1 46 -1 10 -1 10 -1 10 -1 46 #UTIL: 147276
273) 356 -1 738 -1 31 -1 31 #UTIL: 147263
274) 356 -1 10 -1 38 -1 46 #UTIL: 146980
275) 356 -1 46 -1 31 -1 31 #UTIL: 146926
276) 10 -1 38 -1 46 #UTIL: 146569
277) 738 -1 46 -1 10 #UTIL: 146259
278) 356 -1 46 -1 31 -1 10 -1 10 #UTIL: 145788
279) 356 -1 46 -1 38 -1 10 #UTIL: 145704
280) 356 -1 10 -1 406 -1 10 #UTIL: 145570
281) 738 -1 38 #UTIL: 145501
282) 356 -1 10 -1 31 -1 10 -1 10 -1 10 #UTIL: 145468
283) 10 -1 46 -1 10 -1 406 #UTIL: 145402
284) 356 -1 10 -1 10 -1 46 -1 31 -1 10 #UTIL: 145326
285) 456 -1 15 #UTIL: 145281
286) 10 -1 31 -1 31 -1 10 #UTIL: 145210
287) 356 -1 10 -1 46 -1 10 -1 10 -1 31 #UTIL: 145202
288) 356 -1 738 -1 10 -1 46 -1 46 #UTIL: 145094
289) 356 -1 41 -1 10 #UTIL: 144929
290) 356 -1 10 -1 46 -1 38 -1 10 #UTIL: 144911
291) 15 -1 10 #UTIL: 144894
292) 356 -1 10 -1 10 -1 46 -1 10 -1 31 #UTIL: 144498
293) 356 -1 10 -1 38 -1 10 -1 10 #UTIL: 143845
294) 10 -1 10 -1 46 -1 46 -1 10 #UTIL: 143662
295) 10 -1 46 -1 31 -1 10 -1 10 #UTIL: 143098
296) 10 -1 46 -1 38 -1 10 #UTIL: 142930
297) 356 -1 10 -1 41 #UTIL: 142769
298) 61 #UTIL: 142724
299) 10 -1 46 -1 10 -1 46 -1 31 #UTIL: 142508
300) 10 -1 38 -1 10 -1 10 #UTIL: 142481
301) 356 -1 10 -1 15 #UTIL: 142468
302) 356 -1 10 -1 31 -1 10 -1 10 -1 46 #UTIL: 142326
303) 356 -1 46 -1 10 -1 10 -1 10 -1 46 #UTIL: 142320
304) 10 -1 10 -1 10 -1 31 -1 10 #UTIL: 142042
305) 46 -1 38 -1 10 #UTIL: 142012
306) 356 -1 10 -1 10 -1 10 -1 10 -1 46 -1 10 #UTIL: 141976
307) 10 -1 10 -1 31 -1 46 #UTIL: 141876
308) 10 -1 46 -1 46 -1 46 #UTIL: 141866
309) 356 -1 10 -1 10 -1 38 -1 10 #UTIL: 141832
310) 356 -1 738 -1 46 -1 31 #UTIL: 141685
311) 10 -1 406 -1 10 #UTIL: 141598
312) 356 -1 10 -1 46 -1 10 -1 10 -1 10 -1 10 #UTIL: 141562
313) 46 -1 31 -1 46 #UTIL: 141558
314) 356 -1 10 -1 22 -1 10 #UTIL: 141289
315) 356 -1 46 -1 10 -1 10 -1 31 #UTIL: 141264
316) 10 -1 46 -1 46 -1 10 -1 10 #UTIL: 141240
317) 356 -1 10 -1 10 -1 10 -1 46 -1 10 -1 46 #UTIL: 141180
318) 356 -1 10 -1 46 -1 46 -1 31 #UTIL: 141004
319) 356 -1 10 -1 46 -1 10 -1 46 -1 10 -1 46 -1 10 #UTIL: 140638
320) 356 -1 10 -1 46 -1 10 -1 406 #UTIL: 140432
321) 738 -1 10 -1 31 -1 10 #UTIL: 139886
322) 10 -1 10 -1 46 -1 10 -1 10 -1 46 #UTIL: 139632
323) 22 -1 38 #UTIL: 139625
324) 10 -1 46 -1 10 -1 10 -1 10 -1 46 #UTIL: 139526
325) 31 -1 15 #UTIL: 139422
326) 10 -1 10 -1 38 -1 10 #UTIL: 139159
327) 356 -1 10 -1 10 -1 46 -1 10 -1 10 -1 10 #UTIL: 138820
328) 356 -1 46 -1 10 -1 46 -1 10 -1 46 -1 10 #UTIL: 138786
329) 738 -1 10 -1 46 -1 10 -1 46 #UTIL: 138738
330) 31 -1 31 -1 31 #UTIL: 138140
331) 356 -1 46 -1 10 -1 38 #UTIL: 138116
332) 356 -1 10 -1 46 -1 10 -1 38 #UTIL: 138007
333) 356 -1 10 -1 10 -1 10 -1 46 -1 10 -1 10 #UTIL: 137650
334) 356 -1 738 -1 10 -1 10 -1 10 -1 10 #UTIL: 137480
335) 10 -1 46 -1 10 -1 38 #UTIL: 137475
336) 356 -1 22 -1 38 #UTIL: 137434
337) 356 -1 150 #UTIL: 137198
338) 738 -1 10 -1 46 -1 10 -1 10 #UTIL: 137037
339) 356 -1 38 -1 10 -1 10 -1 46 #UTIL: 136982
340) 38 -1 10 -1 10 -1 46 #UTIL: 136600
341) 356 -1 22 -1 31 #UTIL: 136524
342) 738 -1 31 #UTIL: 136474
343) 356 -1 738 -1 719 #UTIL: 136370
344) 10 -1 46 -1 31 -1 31 #UTIL: 136314
345) 356 -1 46 -1 46 -1 31 #UTIL: 136298
346) 356 -1 38 -1 31 -1 10 #UTIL: 136264
347) 356 -1 46 -1 10 -1 10 -1 10 -1 10 #UTIL: 136170
348) 46 -1 10 -1 38 #UTIL: 135978
349) 356 -1 10 -1 31 -1 10 -1 31 -1 10 #UTIL: 135844
350) 10 -1 10 -1 46 -1 31 -1 10 #UTIL: 135644
351) 46 -1 10 -1 46 -1 31 #UTIL: 135510
352) 356 -1 10 -1 46 -1 10 -1 31 -1 10 -1 46 #UTIL: 135400
353) 10 -1 31 -1 10 -1 10 -1 10 #UTIL: 135196
354) 356 -1 10 -1 46 -1 10 -1 31 -1 46 #UTIL: 135158
355) 31 -1 10 -1 46 -1 10 -1 46 #UTIL: 134982
356) 738 -1 10 -1 10 -1 46 -1 10 #UTIL: 134955
357) 46 -1 10 -1 406 #UTIL: 134914
358) 356 -1 738 -1 10 -1 10 -1 10 -1 46 #UTIL: 134867
359) 10 -1 46 -1 10 -1 10 -1 31 #UTIL: 134852
360) 738 -1 31 -1 10 #UTIL: 134832
361) 10 -1 10 -1 10 -1 10 -1 46 -1 10 #UTIL: 134428
362) 356 -1 10 -1 46 -1 31 -1 46 -1 10 #UTIL: 134334
363) 10 -1 46 -1 10 -1 46 -1 10 -1 46 -1 10 #UTIL: 134238
364) 10 -1 10 -1 46 -1 10 -1 31 #UTIL: 134154
365) 178 #UTIL: 134064
366) 356 -1 10 -1 46 -1 46 -1 10 -1 46 -1 10 #UTIL: 133872
367) 356 -1 22 -1 10 -1 46 #UTIL: 133846
368) 356 -1 46 -1 10 -1 406 #UTIL: 133740
369) 10 -1 10 -1 31 -1 31 #UTIL: 133728
370) 10 -1 10 -1 10 -1 46 -1 10 -1 46 #UTIL: 133544
371) 356 -1 10 -1 46 -1 10 -1 46 -1 46 -1 10 #UTIL: 133496
372) 10 -1 46 -1 10 -1 10 -1 10 -1 10 #UTIL: 133264
373) 8 -1 10 #UTIL: 133030
374) 356 -1 10 -1 46 -1 31 -1 10 -1 46 -1 10 #UTIL: 132608
375) 38 -1 31 -1 10 #UTIL: 132570
376) 10 -1 31 -1 10 -1 10 -1 46 #UTIL: 132562
377) 356 -1 10 -1 10 -1 10 -1 46 -1 46 #UTIL: 132004
378) 46 -1 46 -1 10 -1 10 #UTIL: 131896
379) 46 -1 10 -1 10 -1 10 -1 46 #UTIL: 131876
380) 356 -1 38 -1 10 -1 10 -1 10 #UTIL: 131865
381) 356 -1 15 -1 10 #UTIL: 131752
382) 356 -1 31 -1 31 -1 10 -1 46 #UTIL: 131640
383) 38 -1 10 -1 10 -1 10 #UTIL: 131430
384) 356 -1 31 -1 31 -1 46 #UTIL: 131228
385) 356 -1 738 -1 10 -1 46 -1 10 -1 46 -1 10 #UTIL: 131203
386) 46 -1 31 -1 10 -1 10 #UTIL: 131196
387) 356 -1 31 -1 46 -1 10 -1 46 #UTIL: 130756
388) 356 -1 31 -1 10 -1 46 -1 10 -1 46 #UTIL: 130748
389) 356 -1 46 -1 10 -1 31 -1 10 -1 46 #UTIL: 130712
390) 356 -1 46 -1 10 -1 46 -1 46 -1 10 #UTIL: 130692
391) 31 -1 46 -1 10 -1 46 #UTIL: 130592
392) 356 -1 10 -1 46 -1 10 -1 31 -1 10 -1 10 #UTIL: 130592
393) 46 -1 10 -1 46 -1 10 -1 46 -1 10 #UTIL: 130554
394) 356 -1 46 -1 46 -1 10 -1 46 -1 10 #UTIL: 130510
395) 356 -1 22 -1 10 -1 10 #UTIL: 130504
396) 356 -1 406 -1 10 #UTIL: 130050
397) 356 -1 738 -1 46 -1 46 #UTIL: 129923
398) 356 -1 10 -1 406 -1 31 #UTIL: 129840
399) 10 -1 46 -1 10 -1 31 -1 10 -1 46 #UTIL: 129770
400) 356 -1 46 -1 10 -1 31 -1 46 #UTIL: 129704
401) 356 -1 738 -1 31 -1 10 -1 46 #UTIL: 129679
402) 10 -1 10 -1 46 -1 10 -1 10 -1 10 #UTIL: 129672
403) 356 -1 46 -1 31 -1 46 -1 10 #UTIL: 129634
404) 356 -1 738 -1 10 -1 10 -1 31 -1 10 #UTIL: 129524
405) 356 -1 738 -1 31 -1 10 -1 10 #UTIL: 128958
406) 10 -1 10 -1 10 -1 46 -1 10 -1 10 #UTIL: 128934
407) 738 -1 38 -1 10 #UTIL: 128691
408) 738 -1 719 #UTIL: 128627
409) 356 -1 22 -1 46 #UTIL: 128592
410) 356 -1 46 -1 31 -1 10 -1 46 -1 10 #UTIL: 128508
411) 356 -1 738 -1 10 -1 31 -1 31 #UTIL: 128285
412) 356 -1 738 -1 10 -1 38 #UTIL: 128123
413) 188 #UTIL: 127930
414) 356 -1 738 -1 46 -1 10 -1 46 -1 10 #UTIL: 127800
415) 10 -1 22 -1 10 #UTIL: 127788
416) 356 -1 10 -1 10 -1 22 #UTIL: 127577
417) 356 -1 10 -1 10 -1 31 -1 46 -1 10 #UTIL: 127512
418) 356 -1 10 -1 10 -1 31 -1 10 -1 46 -1 10 #UTIL: 127392
419) 356 -1 150 -1 10 #UTIL: 127390
420) 10 -1 46 -1 10 -1 31 -1 46 #UTIL: 127314
421) 10 -1 46 -1 31 -1 10 -1 46 -1 10 #UTIL: 127234
422) 31 -1 31 -1 10 -1 46 #UTIL: 127040
423) 46 -1 46 -1 46 #UTIL: 126948
424) 10 -1 8 #UTIL: 126898
425) 356 -1 10 -1 38 -1 31 #UTIL: 126789
426) 738 -1 10 -1 10 -1 31 #UTIL: 126701
427) 10 -1 31 -1 10 -1 31 -1 10 #UTIL: 126676
428) 46 -1 10 -1 10 -1 31 #UTIL: 126560
429) 10 -1 46 -1 46 -1 31 #UTIL: 126550
430) 31 -1 10 -1 10 -1 46 -1 10 #UTIL: 126548
431) 10 -1 46 -1 31 -1 46 -1 10 #UTIL: 126440
432) 31 -1 10 -1 46 -1 10 -1 10 #UTIL: 126370
433) 356 -1 738 -1 10 -1 46 -1 10 -1 31 #UTIL: 126320
434) 356 -1 46 -1 10 -1 31 -1 10 -1 10 #UTIL: 126054
435) 738 -1 10 -1 46 -1 31 #UTIL: 125937
436) 10 -1 46 -1 46 -1 10 -1 46 -1 10 #UTIL: 125780
437) 46 -1 10 -1 10 -1 10 -1 10 #UTIL: 125278
438) 356 -1 31 -1 31 -1 10 -1 10 #UTIL: 125060
439) 356 -1 719 -1 150 #UTIL: 125013
440) 10 -1 46 -1 10 -1 46 -1 46 -1 10 #UTIL: 124924
441) 46 -1 31 -1 31 #UTIL: 124818
442) 10 -1 46 -1 10 -1 31 -1 10 -1 10 #UTIL: 124816
443) 356 -1 31 -1 46 -1 31 #UTIL: 124678
444) 10 -1 406 -1 31 #UTIL: 124620
445) 356 -1 10 -1 46 -1 46 -1 46 -1 10 #UTIL: 123958
446) 356 -1 31 -1 22 #UTIL: 123914
447) 356 -1 738 -1 31 -1 46 #UTIL: 123758
448) 356 -1 31 -1 10 -1 10 -1 46 -1 10 #UTIL: 123750
449) 356 -1 10 -1 10 -1 10 -1 10 -1 31 #UTIL: 123658
450) 356 -1 10 -1 46 -1 10 -1 10 -1 46 -1 10 -1 46 #UTIL: 123642
451) 738 -1 46 -1 10 -1 46 #UTIL: 123515
452) 356 -1 31 -1 10 -1 46 -1 10 -1 10 #UTIL: 123426
453) 356 -1 356 -1 10 #UTIL: 123378
454) 356 -1 178 #UTIL: 123350
455) 356 -1 10 -1 31 -1 31 -1 31 #UTIL: 123162
456) 356 -1 267 #UTIL: 123000
457) 356 -1 10 -1 46 -1 10 -1 46 -1 10 -1 10 -1 46 #UTIL: 122888
458) 356 -1 456 -1 15 #UTIL: 122813
459) 356 -1 31 -1 46 -1 10 -1 10 #UTIL: 122766
460) 356 -1 31 -1 10 -1 46 -1 31 #UTIL: 122640
461) 356 -1 10 -1 406 -1 46 #UTIL: 122516
462) 46 -1 10 -1 31 -1 10 -1 46 #UTIL: 122508
463) 10 -1 10 -1 31 -1 10 -1 46 -1 10 #UTIL: 122130
464) 738 -1 46 #UTIL: 122065
465) 22 -1 10 -1 46 #UTIL: 121958
466) 10 -1 38 -1 31 #UTIL: 121904
467) 356 -1 8 -1 10 -1 46 #UTIL: 121850
468) 10 -1 38 -1 10 -1 46 -1 10 #UTIL: 121710
469) 10 -1 10 -1 10 -1 46 -1 46 #UTIL: 121616
470) 738 -1 46 -1 10 -1 10 #UTIL: 121593
471) 10 -1 46 -1 406 #UTIL: 121544
472) 356 -1 738 -1 10 -1 46 -1 46 -1 10 #UTIL: 121459
473) 356 -1 738 -1 10 -1 31 -1 10 -1 10 #UTIL: 121291
474) 356 -1 10 -1 46 -1 22 #UTIL: 121255
475) 356 -1 46 -1 10 -1 46 -1 10 -1 10 -1 46 #UTIL: 121134
476) 31 -1 46 -1 10 -1 10 #UTIL: 121018
477) 356 -1 31 -1 10 -1 46 -1 46 #UTIL: 121002
478) 356 -1 46 -1 10 -1 10 -1 46 -1 10 -1 46 #UTIL: 120974
479) 356 -1 738 -1 46 -1 10 -1 31 #UTIL: 120948
480) 356 -1 10 -1 8 -1 10 #UTIL: 120942
481) 356 -1 31 -1 10 -1 10 -1 31 #UTIL: 120932
482) 31 -1 10 -1 38 #UTIL: 120834
483) 356 -1 10 -1 46 -1 406 #UTIL: 120810
484) 31 -1 10 -1 46 -1 31 #UTIL: 120692
485) 356 -1 10 -1 38 -1 10 -1 46 -1 10 #UTIL: 120683
486) 41 -1 46 #UTIL: 120460
487) 719 -1 150 #UTIL: 120263
488) 406 -1 10 #UTIL: 120262
489) 46 -1 46 -1 10 -1 46 -1 10 #UTIL: 120144
490) 46 -1 31 -1 10 -1 46 -1 10 #UTIL: 120102
491) 356 -1 31 -1 46 -1 46 #UTIL: 120050
492) 31 -1 31 -1 10 -1 10 #UTIL: 119994
493) 31 -1 31 -1 46 #UTIL: 119970
494) 31 -1 10 -1 46 -1 46 #UTIL: 119888
495) 356 -1 10 -1 46 -1 10 -1 31 -1 31 #UTIL: 119722
496) 356 -1 10 -1 31 -1 38 -1 10 #UTIL: 119620
497) 10 -1 10 -1 31 -1 46 -1 10 #UTIL: 119572
498) 46 -1 10 -1 46 -1 46 -1 10 #UTIL: 119566
499) 356 -1 31 -1 8 #UTIL: 119562
500) 356 -1 10 -1 10 -1 46 -1 10 -1 10 -1 46 -1 10 #UTIL: 119504