1) 356 -1 10 #UTIL: 487130
2) 356 -1 10 -1 10 #UTIL: 458826
3) 356 -1 10 -1 46 #UTIL: 449780
4) 356 -1 10 -1 46 -1 10 #UTIL: 416620
5) 10 -1 10 #UTIL: 399830
6) 10 -1 46 #UTIL: 397600
7) 10 -1 46 -1 10 #UTIL: 396036
8) 356 -1 31 #UTIL: 388720
9) 38 #UTIL: 383488
10) 356 -1 38 #UTIL: 381853
11) 356 -1 10 -1 31 #UTIL: 374200
12) 356 -1 46 -1 10 #UTIL: 365870
13) 356 -1 46 #UTIL: 354452
14) 356 -1 10 -1 10 -1 10 #UTIL: 352824
15) 356 -1 10 -1 10 -1 46 #UTIL: 350804
16) 10 #UTIL: 349794
17) 356 -1 31 -1 10 #UTIL: 330548
18) 10 -1 10 -1 46 #UTIL: 324026
19) 10 -1 10 -1 10 #UTIL: 319828
20) 38 -1 10 #UTIL: 319346
21) 356 -1 10 -1 31 -1 10 #UTIL: 315150
22) 46 -1 10 #UTIL: 313310
23) 356 -1 10 -1 46 -1 10 -1 46 #UTIL: 312308
24) 10 -1 31 #UTIL: 311698
25) 356 -1 38 -1 10 #UTIL: 311255
26) 356 #UTIL: 308444
27) 31 -1 10 #UTIL: 305258
28) 10 -1 46 -1 10 -1 46 #UTIL: 300634
29) 356 -1 10 -1 46 -1 10 -1 10 #UTIL: 297702
30) 356 -1 10 -1 10 -1 46 -1 10 #UTIL: 294676
31) 356 -1 46 -1 10 -1 46 #UTIL: 292764
32) 10 -1 31 -1 10 #UTIL: 285988
33) 10 -1 46 -1 10 -1 10 #UTIL: 281458
34) 10 -1 10 -1 46 -1 10 #UTIL: 279346
35) 356 -1 10 -1 46 -1 31 #UTIL: 278600
36) 356 -1 46 -1 10 -1 10 #UTIL: 277884
37) 356 -1 10 -1 10 -1 31 #UTIL: 276862
38) 356 -1 10 -1 46 -1 46 #UTIL: 274868
39) 41 #UTIL: 273600
40) 31 #UTIL: 273326
41) 46 -1 10 -1 46 #UTIL: 267638
42) 356 -1 10 -1 38 #UTIL: 267247
43) 10 -1 38 #UTIL: 266869
44) 356 -1 738 -1 10 #UTIL: 258915
45) 15 #UTIL: 258000
46) 356 -1 31 -1 31 #UTIL: 257414
47) 356 -1 46 -1 31 #UTIL: 256920
48) 356 -1 10 -1 10 -1 10 -1 46 #UTIL: 251622
49) 10 -1 46 -1 46 #UTIL: 249756
50) 46 -1 10 -1 10 #UTIL: 249318
