1) 356 -1 10 #UTIL: 487130
2) 356 -1 10 -1 10 #UTIL: 458826
3) 356 -1 10 -1 46 #UTIL: 449780
4) 356 -1 10 -1 46 -1 10 #UTIL: 416620
5) 10 -1 10 #UTIL: 399830
6) 10 -1 46 #UTIL: 397600
7) 10 -1 46 -1 10 #UTIL: 396036
8) 356 -1 31 #UTIL: 388720
9) 38 #UTIL: 383488
10) 356 -1 38 #UTIL: 381853
11) 356 -1 10 -1 31 #UTIL: 374200
12) 356 -1 46 -1 10 #UTIL: 365870
13) 356 -1 46 #UTIL: 354452
14) 356 -1 10 -1 10 -1 10 #UTIL: 352824
15) 356 -1 10 -1 10 -1 46 #UTIL: 350804
16) 10 #UTIL: 349794
17) 356 -1 31 -1 10 #UTIL: 330548
18) 10 -1 10 -1 46 #UTIL: 324026
19) 10 -1 10 -1 10 #UTIL: 319828
20) 38 -1 10 #UTIL: 319346
21) 356 -1 10 -1 31 -1 10 #UTIL: 315150
22) 46 -1 10 #UTIL: 313310
23) 356 -1 10 -1 46 -1 10 -1 46 #UTIL: 312308
24) 10 -1 31 #UTIL: 311698
25) 356 -1 38 -1 10 #UTIL: 311255
26) 356 #UTIL: 308444
27) 31 -1 10 #UTIL: 305258
28) 10 -1 46 -1 10 -1 46 #UTIL: 300634
29) 356 -1 10 -1 46 -1 10 -1 10 #UTIL: 297702
30) 356 -1 10 -1 10 -1 46 -1 10 #UTIL: 294676
31) 356 -1 46 -1 10 -1 46 #UTIL: 292764
32) 10 -1 31 -1 10 #UTIL: 285988
33) 10 -1 46 -1 10 -1 10 #UTIL: 281458
34) 10 -1 10 -1 46 -1 10 #UTIL: 279346
35) 356 -1 10 -1 46 -1 31 #UTIL: 278600
36) 356 -1 46 -1 10 -1 10 #UTIL: 277884
37) 356 -1 10 -1 10 -1 31 #UTIL: 276862
38) 356 -1 10 -1 46 -1 46 #UTIL: 274868
39) 41 #UTIL: 273600
40) 31 #UTIL: 273326
41) 46 -1 10 -1 46 #UTIL: 267638
42) 356 -1 10 -1 38 #UTIL: 267247
43) 10 -1 38 #UTIL: 266869
44) 356 -1 738 -1 10 #UTIL: 258915
45) 15 #UTIL: 258000
46) 356 -1 31 -1 31 #UTIL: 257414
47) 356 -1 46 -1 31 #UTIL: 256920
48) 356 -1 10 -1 10 -1 10 -1 46 #UTIL: 251622
49) 10 -1 46 -1 46 #UTIL: 249756
50) 46 -1 10 -1 10 #UTIL: 249318
51) 356 -1 10 -1 10 -1 10 -1 10 #UTIL: 249224
52) 356 -1 10 -1 46 -1 10 -1 46 -1 10 #UTIL: 248442
53) 10 -1 46 -1 31 #UTIL: 247260
54) 356 -1 31 -1 10 -1 46 #UTIL: 247062
55) 356 -1 46 -1 46 #UTIL: 246056
56) 31 -1 10 -1 46 #UTIL: 244910
57) 356 -1 41 #UTIL: 243896
58) 10 -1 10 -1 31 #UTIL: 243704
59) 356 -1 738 -1 10 -1 10 #UTIL: 243421
60) 356 -1 46 -1 10 -1 46 -1 10 #UTIL: 242646
61) 10 -1 46 -1 10 -1 46 -1 10 #UTIL: 240124
62) 46 #UTIL: 239856
63) 38 -1 10 -1 46 #UTIL: 238754
64) 356 -1 31 -1 10 -1 10 #UTIL: 235804
65) 356 -1 738 -1 10 -1 46 #UTIL: 234290
66) 10 -1 10 -1 10 -1 46 #UTIL: 233968
67) 31 -1 10 -1 10 #UTIL: 233778
68) 356 -1 10 -1 10 -1 31 -1 10 #UTIL: 231250
69) 356 -1 31 -1 46 #UTIL: 231010
70) 10 -1 406 #UTIL: 229764
71) 356 -1 10 -1 46 -1 10 -1 31 #UTIL: 229494
72) 10 -1 10 -1 10 -1 10 #UTIL: 229220
73) 356 -1 38 -1 10 -1 46 #UTIL: 228815
74) 356 -1 15 #UTIL: 228614
75) 356 -1 10 -1 46 -1 46 -1 10 #UTIL: 228584
76) 46 -1 10 -1 46 -1 10 #UTIL: 227968
77) 356 -1 10 -1 406 #UTIL: 226532
78) 31 -1 38 #UTIL: 226476
79) 356 -1 22 #UTIL: 223845
80) 31 -1 31 #UTIL: 222592
81) 356 -1 10 -1 46 -1 10 -1 10 -1 46 #UTIL: 222456
82) 356 -1 10 -1 31 -1 10 -1 46 #UTIL: 222452
83) 356 -1 10 -1 46 -1 31 -1 10 #UTIL: 221170
84) 356 -1 10 -1 31 -1 31 #UTIL: 219250
85) 356 -1 10 -1 31 -1 10 -1 10 #UTIL: 218992
86) 356 -1 46 -1 10 -1 31 #UTIL: 218498
87) 10 -1 38 -1 10 #UTIL: 218220
88) 356 -1 738 -1 10 -1 46 -1 10 #UTIL: 218069
89) 356 -1 10 -1 38 -1 10 #UTIL: 217208
90) 356 -1 46 -1 46 -1 10 #UTIL: 215252
91) 356 -1 10 -1 31 -1 46 #UTIL: 213986
92) 38 -1 46 #UTIL: 213884
93) 10 -1 10 -1 31 -1 10 #UTIL: 213686
94) 10 -1 46 -1 10 -1 10 -1 46 #UTIL: 213408
95) 10 -1 46 -1 46 -1 10 #UTIL: 212338
96) 38 -1 10 -1 10 #UTIL: 212223
97) 356 -1 46 -1 10 -1 10 -1 46 #UTIL: 212068
98) 10 -1 46 -1 10 -1 31 #UTIL: 211480
99) 356 -1 38 -1 46 #UTIL: 211225
100) 356 -1 738 -1 31 #UTIL: 210128
101) 356 -1 38 -1 10 -1 10 #UTIL: 210095
102) 356 -1 31 -1 38 #UTIL: 209360
103) 356 -1 10 -1 10 -1 46 -1 10 -1 46 #UTIL: 209128
104) 356 -1 10 -1 46 -1 10 -1 10 -1 10 #UTIL: 207046
105) 356 -1 46 -1 31 -1 10 #UTIL: 206804
106) 356 -1 738 -1 10 -1 31 #UTIL: 206679
107) 10 -1 31 -1 10 -1 46 #UTIL: 206490
108) 356 -1 10 -1 10 -1 10 -1 46 -1 10 #UTIL: 205636
109) 31 -1 46 #UTIL: 204884
110) 46 -1 31 #UTIL: 204756
111) 10 -1 46 -1 31 -1 10 #UTIL: 204516
112) 31 -1 10 -1 46 -1 10 #UTIL: 203734
113) 10 -1 31 -1 10 -1 10 #UTIL: 202460
114) 46 -1 46 #UTIL: 201318
115) 356 -1 10 -1 10 -1 46 -1 10 -1 10 #UTIL: 200096
116) 356 -1 38 -1 31 #UTIL: 200071
117) 356 -1 46 -1 10 -1 10 -1 10 #UTIL: 198844
118) 10 -1 10 -1 46 -1 10 -1 46 #UTIL: 198494
119) 46 -1 10 -1 10 -1 46 #UTIL: 197102
120) 356 -1 31 -1 10 -1 46 -1 10 #UTIL: 196382
121) 10 -1 46 -1 10 -1 10 -1 10 #UTIL: 194836
122) 38 -1 31 #UTIL: 194723
123) 10 -1 10 -1 10 -1 46 -1 10 #UTIL: 194378
124) 356 -1 406 #UTIL: 193296
125) 356 -1 738 -1 46 -1 10 #UTIL: 191892
126) 46 -1 10 -1 31 #UTIL: 190698
127) 356 -1 738 -1 10 -1 10 -1 10 #UTIL: 190523
128) 356 -1 10 -1 10 -1 46 -1 46 #UTIL: 190384
129) 46 -1 46 -1 10 #UTIL: 190036
130) 10 -1 31 -1 31 #UTIL: 189154
131) 356 -1 31 -1 46 -1 10 #UTIL: 189110
132) 356 -1 738 -1 46 #UTIL: 188799
133) 10 -1 31 -1 46 #UTIL: 188562
134) 738 -1 10 -1 10 #UTIL: 187479
135) 356 -1 719 #UTIL: 187117
136) 10 -1 10 -1 46 -1 10 -1 10 #UTIL: 187058
137) 356 -1 31 -1 10 -1 31 #UTIL: 185488
138) 31 -1 46 -1 10 #UTIL: 185070
139) 356 -1 22 -1 10 #UTIL: 184605
140) 356 -1 31 -1 31 -1 10 #UTIL: 184510
141) 356 -1 738 -1 10 -1 10 -1 46 #UTIL: 183994
142) 356 -1 738 #UTIL: 183841
143) 356 -1 10 -1 46 -1 10 -1 31 -1 10 #UTIL: 183598
144) 356 -1 10 -1 10 -1 46 -1 31 #UTIL: 182790
145) 356 -1 10 -1 22 #UTIL: 182498
146) 356 -1 10 -1 10 -1 10 -1 31 #UTIL: 182242
147) 719 #UTIL: 181854
148) 38 -1 10 -1 46 -1 10 #UTIL: 181393
149) 46 -1 10 -1 10 -1 10 #UTIL: 180930
150) 406 #UTIL: 180558
151) 738 -1 10 -1 46 #UTIL: 180462
152) 356 -1 46 -1 38 #UTIL: 180311
153) 46 -1 31 -1 10 #UTIL: 180194
154) 356 -1 10 -1 46 -1 10 -1 10 -1 46 -1 10 #UTIL: 180148
155) 738 -1 10 -1 46 -1 10 #UTIL: 180128
156) 356 -1 10 -1 46 -1 38 #UTIL: 179570
157) 31 -1 10 -1 31 #UTIL: 178666
158) 10 -1 46 -1 38 #UTIL: 177930
159) 356 -1 8 #UTIL: 177764
160) 356 -1 10 -1 46 -1 10 -1 46 -1 10 -1 46 #UTIL: 177358
161) 356 -1 738 -1 31 -1 10 #UTIL: 176767
162) 356 -1 46 -1 10 -1 31 -1 10 #UTIL: 176546
163) 356 -1 10 -1 10 -1 38 #UTIL: 176440
164) 356 -1 38 -1 10 -1 46 -1 10 #UTIL: 175823
165) 356 -1 10 -1 31 -1 10 -1 46 -1 10 #UTIL: 175392
166) 22 #UTIL: 175281
167) 356 -1 46 -1 10 -1 10 -1 46 -1 10 #UTIL: 174888
168) 356 -1 46 -1 10 -1 46 -1 10 -1 46 #UTIL: 174850
169) 46 -1 38 #UTIL: 174430
170) 10 -1 10 -1 46 -1 46 #UTIL: 174306
171) 10 -1 46 -1 10 -1 31 -1 10 #UTIL: 173980
172) 31 -1 31 -1 10 #UTIL: 173908
173) 356 -1 10 -1 31 -1 46 -1 10 #UTIL: 173746
174) 356 -1 738 -1 38 #UTIL: 173414
175) 10 -1 10 -1 38 #UTIL: 173332
176) 356 -1 10 -1 10 -1 10 -1 10 -1 10 #UTIL: 173162
177) 738 -1 10 #UTIL: 173127
178) 356 -1 10 -1 46 -1 31 -1 10 -1 46 #UTIL: 173074
179) 356 -1 10 -1 10 -1 10 -1 10 -1 46 #UTIL: 172942
180) 10 -1 46 -1 10 -1 10 -1 46 -1 10 #UTIL: 172802
181) 356 -1 10 -1 46 -1 31 -1 46 #UTIL: 171468
182) 356 -1 10 -1 46 -1 46 -1 10 -1 46 #UTIL: 170990
183) 10 -1 46 -1 10 -1 46 -1 10 -1 46 #UTIL: 170706
184) 356 -1 738 -1 10 -1 31 -1 10 #UTIL: 169951
185) 356 -1 10 -1 10 -1 46 -1 10 -1 46 -1 10 #UTIL: 167644
186) 356 -1 10 -1 31 -1 10 -1 31 #UTIL: 167334
187) 356 -1 10 -1 46 -1 10 -1 46 -1 46 #UTIL: 167268
188) 356 -1 61 #UTIL: 166904
189) 10 -1 31 -1 10 -1 46 -1 10 #UTIL: 166232
190) 31 -1 38 -1 10 #UTIL: 166193
191) 10 -1 10 -1 46 -1 31 #UTIL: 165552
192) 38 -1 46 -1 10 #UTIL: 165234
193) 46 -1 10 -1 46 -1 10 -1 46 #UTIL: 164942
194) 10 -1 10 -1 10 -1 31 #UTIL: 164600
195) 356 -1 46 -1 46 -1 10 -1 46 #UTIL: 164496
196) 356 -1 10 -1 46 -1 10 -1 46 -1 10 -1 10 #UTIL: 164474
197) 356 -1 46 -1 31 -1 10 -1 46 #UTIL: 164162
198) 46 -1 10 -1 10 -1 46 -1 10 #UTIL: 164038
199) 356 -1 38 -1 46 -1 10 #UTIL: 164009
200) 10 -1 46 -1 31 -1 10 -1 46 #UTIL: 163466